1 2 1 2
1 3 1 4
1 4 1 9
2 3 1 3
3 5 1 1
4 5 1 3
5 4 1 2
1 2 2 2
1 3 2 4
1 4 2 9
2 3 2 3
3 5 2 1
4 5 2 3
5 4 2 2
1 2 3 2
1 3 3 4
1 4 3 9
2 3 3 3
3 5 3 1
4 5 3 3
5 4 3 2
1 2 4 2
1 3 4 4
1 4 4 9
2 3 4 3
3 5 4 1
4 5 4 3
5 4 4 2
1 2 5 2
1 3 5 4
1 4 5 9
2 3 5 3
3 5 5 1
4 5 5 3
5 4 5 2
1 2 6 2
1 3 6 4
1 4 6 9
2 3 6 3
3 5 6 1
4 5 6 3
5 4 6 2
1 2 7 2
1 3 7 4
1 4 7 9
2 3 7 3
3 5 7 1
4 5 7 3
5 4 7 2
1 2 8 2
1 3 8 4
1 4 8 9
2 3 8 3
3 5 8 1
4 5 8 3
5 4 8 2
1 2 9 2
1 3 9 4
1 4 9 9
2 3 9 3
3 5 9 1
4 5 9 3
5 4 9 2
1 2 10 2
1 3 10 4
1 4 10 9
2 3 10 3
3 5 10 1
4 5 10 3
5 4 10 2
1 2 11 2
1 3 11 4
1 4 11 9
2 3 11 3
3 5 11 1
4 5 11 3
5 4 11 2
1 2 12 2
1 3 12 4
1 4 12 9
2 3 12 3
3 5 12 1
4 5 12 3
5 4 12 2
1 2 13 2
1 3 13 4
1 4 13 9
2 3 13 3
3 5 13 1
4 5 13 3
5 4 13 2
1 2 14 2
1 3 14 4
1 4 14 9
2 3 14 3
3 5 14 1
4 5 14 3
5 4 14 2
1 2 15 2
1 3 15 4
1 4 15 9
2 3 15 3
3 5 15 1
4 5 15 3
5 4 15 2
1 2 16 2
1 3 16 4
1 4 16 9
2 3 16 3
3 5 16 1
4 5 16 3
5 4 16 2
1 2 17 2
1 3 17 4
1 4 17 9
2 3 17 3
3 5 17 1
4 5 17 3
5 4 17 2
1 2 18 2
1 3 18 4
1 4 18 9
2 3 18 3
3 5 18 1
4 5 18 3
5 4 18 2
1 2 19 2
1 3 19 4
1 4 19 9
2 3 19 3
3 5 19 1
4 5 19 3
5 4 19 2
1 2 20 2
1 3 20 4
1 4 20 9
2 3 20 3
3 5 20 1
4 5 20 3
5 4 20 2
1 2 21 2
1 3 21 4
1 4 21 9
2 3 21 3
3 5 21 1
4 5 21 3
5 4 21 2
1 2 22 2
1 3 22 4
1 4 22 9
2 3 22 3
3 5 22 1
4 5 22 3
5 4 22 2
1 2 23 2
1 3 23 4
1 4 23 9
2 3 23 3
3 5 23 1
4 5 23 3
5 4 23 2
1 2 24 2
1 3 24 4
1 4 24 9
2 3 24 3
3 5 24 1
4 5 24 3
5 4 24 2
1 2 25 2
1 3 25 4
1 4 25 9
2 3 25 3
3 5 25 1
4 5 25 3
5 4 25 2
