1 1 50
2 1 40
3 1 0
4 1 -30
5 1 -60
1 2 50
2 2 40
3 2 0
4 2 -30
5 2 -60
1 3 50
2 3 40
3 3 0
4 3 -30
5 3 -60
1 4 50
2 4 40
3 4 0
4 4 -30
5 4 -60
1 5 50
2 5 40
3 5 0
4 5 -30
5 5 -60
1 6 50
2 6 40
3 6 0
4 6 -30
5 6 -60
1 7 50
2 7 40
3 7 0
4 7 -30
5 7 -60
1 8 50
2 8 40
3 8 0
4 8 -30
5 8 -60
1 9 50
2 9 40
3 9 0
4 9 -30
5 9 -60
1 10 50
2 10 40
3 10 0
4 10 -30
5 10 -60
1 11 50
2 11 40
3 11 0
4 11 -30
5 11 -60
1 12 50
2 12 40
3 12 0
4 12 -30
5 12 -60
1 13 50
2 13 40
3 13 0
4 13 -30
5 13 -60
1 14 50
2 14 40
3 14 0
4 14 -30
5 14 -60
1 15 50
2 15 40
3 15 0
4 15 -30
5 15 -60
1 16 50
2 16 40
3 16 0
4 16 -30
5 16 -60
1 17 50
2 17 40
3 17 0
4 17 -30
5 17 -60
1 18 50
2 18 40
3 18 0
4 18 -30
5 18 -60
1 19 50
2 19 40
3 19 0
4 19 -30
5 19 -60
1 20 50
2 20 40
3 20 0
4 20 -30
5 20 -60
1 21 50
2 21 40
3 21 0
4 21 -30
5 21 -60
1 22 50
2 22 40
3 22 0
4 22 -30
5 22 -60
1 23 50
2 23 40
3 23 0
4 23 -30
5 23 -60
1 24 50
2 24 40
3 24 0
4 24 -30
5 24 -60
1 25 50
2 25 40
3 25 0
4 25 -30
5 25 -60

