1 0.480076 0.642743 137
2 0.486827 0.730253 108
3 0.620505 0.937816 568
4 0.415370 0.869356 127
5 0.466248 0.668274 175
6 0.642204 0.656084 787
7 0.449774 0.711830 847
8 0.765054 0.932900 214
9 0.589697 0.844947 109
10 0.508899 0.865471 652
11 0.697346 0.998160 824
12 0.503073 0.910774 181
13 0.634954 0.676517 782
14 0.779080 0.922635 276
15 0.625748 0.877227 223
16 0.710085 0.650861 303
17 0.735694 0.803324 541
18 0.367028 0.799225 735
19 0.539283 0.968369 528
20 0.374597 0.987200 854
21 0.518660 0.557968 341
22 0.566238 0.862773 382
23 0.400886 0.672487 405
24 0.608941 0.938400 413
25 0.422565 0.707578 878
26 0.761972 0.537710 530
27 0.462550 0.650951 426
28 0.478852 0.796921 270
29 0.410780 0.922096 206
30 0.475068 0.757845 221
31 0.430698 0.930442 276
32 0.599669 0.680530 343
33 0.494511 0.938416 370
34 0.526268 0.764567 402
35 0.439658 0.554762 807
36 0.464154 0.924495 502
37 0.793202 0.692905 264
38 0.651258 0.525875 282
39 0.734576 0.616608 579
40 0.695856 0.953610 313
41 0.328203 0.903865 404
42 0.565565 0.704892 508
43 0.588188 0.985286 591
44 0.741799 0.949068 819
45 0.417557 0.658890 187
46 0.456338 0.610808 214
47 0.690517 0.982760 409
48 0.454815 0.859767 133
49 0.702418 0.575973 453
50 0.552903 0.781764 842
51 0.747206 0.674958 664
52 0.351020 0.777669 552
53 0.769075 0.522559 332
54 0.452470 0.890095 577
55 0.408554 0.852319 386
56 0.417301 0.525708 462
57 0.697641 0.884109 857
58 0.732338 0.773779 758
59 0.775548 0.626313 738
60 0.769068 0.525274 802
61 0.343420 0.766961 827
62 0.426206 0.583509 183
63 0.774037 0.736863 824
64 0.696864 0.896060 676
65 0.460851 0.547218 889
66 0.762038 0.962142 184
67 0.498142 0.811887 189
68 0.719945 0.619808 169
69 0.421415 0.816196 337
70 0.430447 0.750582 687
71 0.677058 0.530933 508
72 0.650096 0.942782 574
73 0.619143 0.780246 110
74 0.535796 0.675027 534
75 0.412533 0.894650 665
76 0.587035 0.611098 871
77 0.501250 0.505157 117
78 0.620009 0.634055 436
79 0.710969 0.520400 131
80 0.713279 0.670437 675
81 0.530136 0.681868 257
82 0.702509 0.908372 559
83 0.322728 0.861600 867
84 0.681758 0.647719 750
85 0.690114 0.588334 322
86 0.735018 0.577653 199
87 0.590445 0.643266 102
88 0.789638 0.685412 532
89 0.556299 0.865226 713
90 0.351080 0.904229 239
91 0.634714 0.776464 697
92 0.645256 0.674051 245
93 0.533537 0.784996 608
94 0.326386 0.993751 898
95 0.654930 0.969970 238
96 0.747172 0.526381 698
97 0.545360 0.679365 143
98 0.403063 0.807164 320
99 0.506582 0.587708 589
100 0.642886 0.733815 793
101 0.592003 0.784339 720
102 0.418910 0.730086 600
103 0.380496 0.567097 533
104 0.427044 0.759453 708
105 0.359520 0.987510 153
106 0.731459 0.903916 405
107 0.746207 0.719664 829
108 0.548380 0.718091 637
109 0.503280 0.568998 664
110 0.723875 0.807167 720
111 0.753807 0.754410 200
112 0.773483 0.802717 429
113 0.327476 0.661508 717
114 0.369750 0.596053 618
115 0.706579 0.544967 550
116 0.768485 0.858768 486
117 0.340270 0.866131 522
118 0.618774 0.948840 862
119 0.515284 0.797077 850
120 0.474483 0.853974 410
121 0.637972 0.903417 153
122 0.729798 0.819782 562
123 0.629175 0.785775 877
124 0.674242 0.822314 593
125 0.318350 0.676404 686
126 0.565413 0.529677 516
127 0.790600 0.730268 123
128 0.616928 0.833683 541
129 0.581737 0.689060 862
130 0.708601 0.871544 338
131 0.517898 0.795381 745
132 0.762429 0.615031 827
133 0.425817 0.996495 427
134 0.538577 0.648343 783
135 0.351188 0.994749 872
136 0.663761 0.796901 489
137 0.751934 0.583242 174
138 0.661918 0.989924 638
139 0.471142 0.705615 569
140 0.505547 0.570165 813
141 0.686227 0.919560 757
142 0.744817 0.985968 467
143 0.356764 0.636236 317
144 0.628448 0.689860 818
145 0.620863 0.759902 587
146 0.759651 0.540802 323
147 0.645885 0.784384 134
148 0.663436 0.735165 853
149 0.543419 0.829696 772
150 0.404567 0.957252 847
151 0.659246 0.552656 271
152 0.652264 0.622560 192
153 0.706657 0.986470 194
154 0.635715 0.549799 217
155 0.505820 0.599173 456
156 0.328287 0.524584 836
157 0.577527 0.977447 732
158 0.697850 0.785952 546
159 0.546413 0.671623 741
160 0.597858 0.673985 245
161 0.499375 0.733907 825
162 0.608829 0.593612 750
163 0.453863 0.775728 144
164 0.327418 0.571157 396
165 0.426339 0.925846 131
166 0.447915 0.700594 116
167 0.517404 0.841138 730
168 0.571647 0.724911 735
169 0.375653 0.616334 298
170 0.328061 0.733511 881
171 0.355013 0.666014 644
172 0.617435 0.903081 713
173 0.417908 0.967661 646
174 0.773939 0.991138 808
175 0.487757 0.636919 459
176 0.711749 0.593454 624
177 0.421910 0.558312 556
178 0.316653 0.769136 688
179 0.611734 0.936400 263
180 0.524101 0.959706 337
181 0.748268 0.536805 197
182 0.427322 0.877433 587
183 0.568297 0.552445 522
184 0.572277 0.974353 492
185 0.408045 0.906254 617
186 0.534056 0.886512 640
187 0.592919 0.714801 380
188 0.705891 0.640609 106
189 0.663312 0.886829 245
190 0.650057 0.558790 241
191 0.432963 0.800454 266
192 0.302159 0.724967 490
193 0.456232 0.970894 367
194 0.413257 0.603566 209
195 0.553580 0.678103 595
196 0.436382 0.938076 363
197 0.456424 0.517499 393
198 0.422616 0.786907 557
199 0.408910 0.963575 331
200 0.745545 0.846105 197
201 0.393940 0.705857 863
202 0.367994 0.500194 131
203 0.671532 0.706137 875
204 0.632531 0.918594 247
205 0.504741 0.880675 440
206 0.678801 0.609821 335
207 0.650639 0.700983 763
208 0.751513 0.591215 548
209 0.607415 0.949920 344
210 0.733219 0.677633 605
211 0.494714 0.669881 432
212 0.772498 0.959184 614
213 0.368376 0.505325 417
214 0.553161 0.540580 260
215 0.446440 0.848084 259
216 0.425838 0.929111 369
217 0.547281 0.543798 506
218 0.604405 0.836810 830
219 0.589461 0.616224 504
220 0.471744 0.955752 481
221 0.318791 0.600355 502
222 0.377191 0.909845 282
223 0.573772 0.582420 721
224 0.461044 0.811586 296
225 0.453934 0.730480 236
226 0.628819 0.705867 407
227 0.373775 0.793687 132
228 0.625485 0.786212 515
229 0.715260 0.884869 144
230 0.729033 0.804463 163
231 0.358663 0.795548 877
232 0.586841 0.848143 777
233 0.656719 0.686827 345
234 0.755904 0.606642 339
235 0.521149 0.952998 581
236 0.621037 0.731651 545
237 0.578258 0.947225 385
238 0.717840 0.977475 734
239 0.602411 0.514415 831
240 0.689270 0.750679 665
241 0.611834 0.879231 586
242 0.325619 0.898526 311
243 0.619565 0.566433 111
244 0.681561 0.891018 684
245 0.446699 0.845235 865
246 0.508553 0.760530 626
247 0.321325 0.981128 584
248 0.682921 0.581900 460
249 0.622425 0.703307 391
250 0.320449 0.876909 573
251 0.397583 0.646233 393
252 0.678176 0.689421 494
253 0.474774 0.835438 873
254 0.608121 0.520166 629
255 0.679152 0.841748 392
256 0.588986 0.950935 779
257 0.356511 0.710533 223
258 0.610535 0.599552 602
259 0.674064 0.987746 893
260 0.318552 0.673582 231
261 0.629219 0.545034 526
262 0.695232 0.843969 137
263 0.793646 0.702099 879
264 0.770827 0.914854 333
265 0.710010 0.925831 240
266 0.735055 0.971027 659
267 0.544586 0.933645 589
268 0.423664 0.895004 132
269 0.616414 0.766829 108
270 0.741206 0.717353 285
271 0.485422 0.638335 491
272 0.688424 0.847684 631
273 0.310246 0.534588 487
274 0.698279 0.873084 701
275 0.694707 0.504867 738
276 0.460467 0.784787 622
277 0.674242 0.769151 715
278 0.604994 0.853661 658
279 0.627959 0.909601 237
280 0.353190 0.964176 571
281 0.439113 0.734623 276
282 0.421584 0.548612 522
283 0.614767 0.966395 409
284 0.324756 0.933179 867
285 0.651447 0.719893 298
286 0.575151 0.539797 437
287 0.311344 0.902253 811
288 0.695153 0.525969 496
289 0.690577 0.874813 286
290 0.512081 0.962794 615
291 0.331793 0.588418 133
292 0.748454 0.809744 802
293 0.531859 0.744076 464
294 0.522294 0.601934 522
295 0.356843 0.582608 211
296 0.600067 0.926281 736
297 0.606997 0.790895 741
298 0.437914 0.644896 867
299 0.555003 0.677090 452
300 0.414310 0.737879 498
301 0.645424 0.543539 490
302 0.688852 0.859267 894
303 0.644873 0.930799 100
304 0.610140 0.770813 627
305 0.365719 0.873702 145
306 0.558133 0.895386 330
307 0.673545 0.928123 703
308 0.691336 0.606653 138
309 0.748601 0.929332 460
310 0.564619 0.696023 128
311 0.406558 0.628886 477
312 0.737859 0.878402 658
313 0.340564 0.947942 343
314 0.562209 0.995340 326
315 0.435536 0.892914 489
316 0.724201 0.653222 148
317 0.626900 0.984304 645
318 0.681876 0.844183 627
319 0.555077 0.520705 704
320 0.656708 0.673817 595
321 0.565724 0.533484 686
322 0.737292 0.533995 829
323 0.555579 0.939492 857
324 0.637455 0.674610 829
325 0.458371 0.941967 259
326 0.533160 0.828785 795
327 0.657892 0.707945 450
328 0.454991 0.537430 463
329 0.415063 0.982467 851
330 0.338712 0.566944 864
331 0.472799 0.809014 289
332 0.623195 0.797108 226
333 0.566393 0.792930 166
334 0.642543 0.563018 701
335 0.740580 0.707223 245
336 0.768673 0.850458 225
337 0.356275 0.640877 408
338 0.418223 0.811486 198
339 0.482275 0.672102 260
340 0.328001 0.751796 487
341 0.603491 0.959703 462
342 0.359097 0.561470 530
343 0.424725 0.755823 297
344 0.722373 0.619804 275
345 0.507794 0.969665 463
346 0.345015 0.677944 879
347 0.356957 0.979211 816
348 0.513230 0.944778 710
349 0.578103 0.838277 766
350 0.521462 0.575058 732
351 0.494584 0.542869 198
352 0.728826 0.731029 225
353 0.592780 0.740907 373
354 0.738032 0.593854 481
355 0.499279 0.504654 418
356 0.408721 0.715410 434
357 0.610076 0.858811 119
358 0.628441 0.969600 439
359 0.746512 0.785188 669
360 0.680507 0.751471 487
361 0.734708 0.779701 352
362 0.791229 0.791654 680
363 0.663995 0.978211 183
364 0.731359 0.644492 233
365 0.344943 0.582222 181
366 0.343382 0.958007 877
367 0.588413 0.716050 311
368 0.457849 0.656490 407
369 0.313177 0.860116 718
370 0.302663 0.810483 528
371 0.710367 0.521067 598
372 0.618233 0.699820 792
373 0.741495 0.654694 587
374 0.744082 0.777529 838
375 0.516039 0.763587 209
376 0.589047 0.857637 351
377 0.791871 0.860559 564
378 0.668502 0.575055 806
379 0.763796 0.894394 374
380 0.739916 0.818920 279
381 0.420467 0.891588 503
382 0.749424 0.843893 104
383 0.781664 0.893063 196
384 0.511532 0.831958 488
385 0.748744 0.961338 614
386 0.711280 0.747274 832
387 0.408439 0.691605 329
388 0.720032 0.853300 860
389 0.581922 0.897324 241
390 0.697890 0.666311 237
391 0.535734 0.605387 247
392 0.738654 0.569588 290
393 0.784076 0.973231 698
394 0.336321 0.588194 333
395 0.493043 0.510311 779
396 0.471163 0.722184 810
397 0.423229 0.888977 323
398 0.706794 0.920556 679
399 0.776783 0.725025 248
400 0.428348 0.813417 851
401 0.462656 0.706442 478
402 0.335555 0.694865 416
403 0.497358 0.921676 256
404 0.317967 0.925476 498
405 0.300449 0.861568 270
406 0.730947 0.977608 791
407 0.457268 0.770713 861
408 0.473043 0.907320 509
409 0.617744 0.810321 320
410 0.422679 0.526740 835
411 0.415265 0.829680 115
412 0.781919 0.698567 337
413 0.591821 0.842584 429
414 0.554442 0.628178 305
415 0.751809 0.768283 734
416 0.691705 0.516717 760
417 0.582562 0.638066 554
418 0.355271 0.888528 450
419 0.725613 0.715240 267
420 0.533080 0.602987 220
421 0.787683 0.896373 600
422 0.599023 0.859770 842
423 0.390080 0.877434 192
424 0.577495 0.516661 178
425 0.474930 0.582941 396
426 0.730322 0.541972 578
427 0.472263 0.910597 302
428 0.615243 0.981459 731
429 0.618970 0.958279 128
430 0.582230 0.502209 598
431 0.665126 0.544073 405
432 0.644120 0.746404 166
433 0.590982 0.905644 406
434 0.480938 0.703174 829
435 0.501353 0.732824 695
436 0.742577 0.562040 890
437 0.661951 0.557297 602
438 0.661618 0.773455 377
439 0.502597 0.844829 575
440 0.459935 0.910451 598
441 0.402975 0.742832 587
442 0.623584 0.682870 563
443 0.516777 0.971422 871
444 0.767341 0.779184 734
445 0.705318 0.700017 449
446 0.746404 0.539457 452
447 0.749458 0.725728 336
448 0.787870 0.547793 502
449 0.388728 0.867562 677
450 0.408190 0.687973 667
451 0.614271 0.641612 651
452 0.562754 0.929751 857
453 0.471441 0.644054 541
454 0.515830 0.516202 438
455 0.543330 0.534393 835
456 0.729756 0.871715 638
457 0.760797 0.875258 152
458 0.510088 0.532821 190
459 0.707876 0.914804 432
460 0.679002 0.918644 314
461 0.405123 0.719300 145
462 0.371192 0.541515 339
463 0.554066 0.549147 831
464 0.527861 0.606688 754
465 0.581862 0.907212 688
466 0.529947 0.896584 727
467 0.390790 0.728239 761
468 0.333645 0.779121 532
469 0.668474 0.694824 738
470 0.387922 0.891278 130
471 0.370957 0.796518 725
472 0.648233 0.764500 838
473 0.589369 0.815099 899
474 0.757164 0.873982 504
475 0.518324 0.769841 296
476 0.663635 0.612741 310
477 0.455744 0.745528 635
478 0.608498 0.653146 566
479 0.380478 0.905756 371
480 0.532466 0.701262 331
481 0.531289 0.845659 498
482 0.357178 0.514306 518
483 0.372336 0.720497 662
484 0.696168 0.648803 553
485 0.400104 0.964289 590
486 0.542513 0.951148 653
487 0.328664 0.727830 810
488 0.580716 0.635361 479
489 0.466220 0.626116 806
490 0.587379 0.516646 300
491 0.723208 0.597901 611
492 0.780098 0.635969 897
493 0.698029 0.808568 351
494 0.382557 0.821769 266
495 0.783268 0.740492 193
496 0.593659 0.886667 476
497 0.339522 0.983666 513
498 0.650058 0.910698 886
499 0.330924 0.832256 307
500 0.625092 0.547493 765
