1 0.480076 0.738700 212
2 0.486827 0.557938 850
3 0.620505 0.865536 856
4 0.415370 0.811937 552
5 0.466248 0.905598 153
6 0.642204 0.854993 703
7 0.449774 0.612417 504
8 0.765054 0.556496 291
9 0.589697 0.619786 817
10 0.508899 0.915868 258
11 0.697346 0.940083 526
12 0.503073 0.700138 381
13 0.634954 0.766737 247
14 0.779080 0.610288 699
15 0.625748 0.663993 596
16 0.710085 0.564471 543
17 0.735694 0.713855 627
18 0.367028 0.944428 741
19 0.539283 0.923119 325
20 0.374597 0.983597 604
21 0.518660 0.963605 744
22 0.566238 0.822907 137
23 0.400886 0.945735 160
24 0.608941 0.688974 778
25 0.422565 0.634867 659
26 0.761972 0.996226 883
27 0.462550 0.870865 204
28 0.478852 0.706767 880
29 0.410780 0.857223 321
30 0.475068 0.513748 539
31 0.430698 0.539166 826
32 0.599669 0.733888 762
33 0.494511 0.829231 724
34 0.526268 0.761067 257
35 0.439658 0.863005 618
36 0.464154 0.676484 581
37 0.793202 0.572357 536
38 0.651258 0.826337 666
39 0.734576 0.651138 709
40 0.695856 0.629813 564
41 0.328203 0.719160 144
42 0.565565 0.603817 174
43 0.588188 0.968143 518
44 0.741799 0.668475 462
45 0.417557 0.792187 551
46 0.456338 0.951626 187
47 0.690517 0.835039 821
48 0.454815 0.971522 853
49 0.702418 0.655434 355
50 0.552903 0.980885 465
51 0.747206 0.510568 136
52 0.351020 0.935337 689
53 0.769075 0.558353 370
54 0.452470 0.590917 501
55 0.408554 0.669362 665
56 0.417301 0.513462 507
57 0.697641 0.826436 272
58 0.732338 0.562051 445
59 0.775548 0.646397 173
60 0.769068 0.803525 142
61 0.343420 0.947456 174
62 0.426206 0.718031 720
63 0.774037 0.614629 252
64 0.696864 0.827772 239
65 0.460851 0.606241 269
66 0.762038 0.548644 267
67 0.498142 0.775231 697
68 0.719945 0.895443 243
69 0.421415 0.566096 699
70 0.430447 0.882841 156
71 0.677058 0.651416 399
72 0.650096 0.963470 497
73 0.619143 0.841944 848
74 0.535796 0.767962 118
75 0.412533 0.809008 236
76 0.587035 0.792014 384
77 0.501250 0.654015 766
78 0.620009 0.799747 595
79 0.710969 0.974423 153
80 0.713279 0.559726 522
81 0.530136 0.713025 666
82 0.702509 0.966741 849
83 0.322728 0.895492 298
84 0.681758 0.810665 509
85 0.690114 0.541034 850
86 0.735018 0.883856 387
87 0.590445 0.871142 346
88 0.789638 0.705339 678
89 0.556299 0.696900 782
90 0.351080 0.876867 843
91 0.634714 0.528831 564
92 0.645256 0.704034 491
93 0.533537 0.816464 215
94 0.326386 0.788540 373
95 0.654930 0.885856 138
96 0.747172 0.690925 532
97 0.545360 0.991486 135
98 0.403063 0.900645 316
99 0.506582 0.973285 133
100 0.642886 0.984776 856
101 0.592003 0.953726 888
102 0.418910 0.904870 636
103 0.380496 0.596564 781
104 0.427044 0.920168 531
105 0.359520 0.687228 261
106 0.731459 0.598568 598
107 0.746207 0.599613 129
108 0.548380 0.901197 774
109 0.503280 0.912441 669
110 0.723875 0.731986 561
111 0.753807 0.748716 501
112 0.773483 0.887502 106
113 0.327476 0.791790 799
114 0.369750 0.523409 228
115 0.706579 0.544820 337
116 0.768485 0.870840 189
117 0.340270 0.675496 432
118 0.618774 0.967798 421
119 0.515284 0.838139 483
120 0.474483 0.910499 684
121 0.637972 0.872934 573
122 0.729798 0.596026 701
123 0.629175 0.834222 452
124 0.674242 0.730814 812
125 0.318350 0.735598 163
126 0.565413 0.740938 159
127 0.790600 0.918533 289
128 0.616928 0.605207 828
129 0.581737 0.621123 672
130 0.708601 0.717139 558
131 0.517898 0.820201 840
132 0.762429 0.714288 709
133 0.425817 0.947254 607
134 0.538577 0.861148 644
135 0.351188 0.875702 724
136 0.663761 0.877373 885
137 0.751934 0.932556 372
138 0.661918 0.893282 696
139 0.471142 0.816204 206
140 0.505547 0.562515 382
141 0.686227 0.531551 438
142 0.744817 0.519422 675
143 0.356764 0.973615 130
144 0.628448 0.583291 533
145 0.620863 0.993680 613
146 0.759651 0.820428 752
147 0.645885 0.951560 612
148 0.663436 0.789192 171
149 0.543419 0.923271 437
150 0.404567 0.671859 789
151 0.659246 0.760615 295
152 0.652264 0.784569 276
153 0.706657 0.773389 619
154 0.635715 0.788587 842
155 0.505820 0.557956 525
156 0.328287 0.578089 649
157 0.577527 0.679868 216
158 0.697850 0.659719 602
159 0.546413 0.622180 294
160 0.597858 0.843083 336
161 0.499375 0.680260 183
162 0.608829 0.637075 276
163 0.453863 0.775483 210
164 0.327418 0.793167 376
165 0.426339 0.665647 361
166 0.447915 0.553096 786
167 0.517404 0.839338 601
168 0.571647 0.899744 389
169 0.375653 0.945165 260
170 0.328061 0.548416 754
171 0.355013 0.788688 508
172 0.617435 0.908963 358
173 0.417908 0.595446 782
174 0.773939 0.780499 650
175 0.487757 0.788997 732
176 0.711749 0.511093 617
177 0.421910 0.828115 174
178 0.316653 0.680885 855
179 0.611734 0.827234 348
180 0.524101 0.782742 141
181 0.748268 0.538796 260
182 0.427322 0.578226 251
183 0.568297 0.906473 780
184 0.572277 0.581159 525
185 0.408045 0.901497 317
186 0.534056 0.994393 789
187 0.592919 0.817374 217
188 0.705891 0.863400 249
189 0.663312 0.675552 225
190 0.650057 0.871431 757
191 0.432963 0.731691 816
192 0.302159 0.521172 496
193 0.456232 0.766878 521
194 0.413257 0.900037 424
195 0.553580 0.860826 746
196 0.436382 0.753138 600
197 0.456424 0.916548 555
198 0.422616 0.852312 749
199 0.408910 0.533612 368
200 0.745545 0.828222 891
201 0.393940 0.722224 383
202 0.367994 0.836301 126
203 0.671532 0.635394 146
204 0.632531 0.923292 112
205 0.504741 0.963386 304
206 0.678801 0.973814 405
207 0.650639 0.736091 671
208 0.751513 0.948228 101
209 0.607415 0.796313 455
210 0.733219 0.560187 223
211 0.494714 0.563424 885
212 0.772498 0.699885 813
213 0.368376 0.555255 331
214 0.553161 0.792071 266
215 0.446440 0.984008 461
216 0.425838 0.886731 129
217 0.547281 0.830876 531
218 0.604405 0.677028 318
219 0.589461 0.723103 207
220 0.471744 0.874750 132
221 0.318791 0.827583 835
222 0.377191 0.606289 809
223 0.573772 0.695586 137
224 0.461044 0.771355 523
225 0.453934 0.562475 307
226 0.628819 0.795354 746
227 0.373775 0.895589 387
228 0.625485 0.567598 487
229 0.715260 0.766685 575
230 0.729033 0.866268 232
231 0.358663 0.950672 516
232 0.586841 0.851969 765
233 0.656719 0.867782 896
234 0.755904 0.579065 526
235 0.521149 0.949319 292
236 0.621037 0.638305 897
237 0.578258 0.554270 614
238 0.717840 0.905745 179
239 0.602411 0.989103 299
240 0.689270 0.939806 872
241 0.611834 0.928218 589
242 0.325619 0.619668 754
243 0.619565 0.980871 498
244 0.681561 0.830253 838
245 0.446699 0.504619 552
246 0.508553 0.902586 868
247 0.321325 0.905545 858
248 0.682921 0.823288 856
249 0.622425 0.573349 134
250 0.320449 0.730885 159
251 0.397583 0.972656 775
252 0.678176 0.872124 403
253 0.474774 0.956518 506
254 0.608121 0.655010 581
255 0.679152 0.994619 464
256 0.588986 0.581183 410
257 0.356511 0.525053 853
258 0.610535 0.934325 814
259 0.674064 0.662970 328
260 0.318552 0.848991 818
261 0.629219 0.885510 193
262 0.695232 0.729748 465
263 0.793646 0.985879 721
264 0.770827 0.739601 312
265 0.710010 0.709330 723
266 0.735055 0.675181 797
267 0.544586 0.776196 318
268 0.423664 0.692382 755
269 0.616414 0.695706 110
270 0.741206 0.996640 440
271 0.485422 0.706288 774
272 0.688424 0.675401 505
273 0.310246 0.925473 467
274 0.698279 0.606691 140
275 0.694707 0.732214 600
276 0.460467 0.931030 628
277 0.674242 0.938846 682
278 0.604994 0.673199 289
279 0.627959 0.869169 891
280 0.353190 0.745135 785
281 0.439113 0.881046 568
282 0.421584 0.905651 312
283 0.614767 0.670834 119
284 0.324756 0.571785 561
285 0.651447 0.876758 501
286 0.575151 0.736388 178
287 0.311344 0.887743 638
288 0.695153 0.642040 635
289 0.690577 0.954591 306
290 0.512081 0.643274 880
291 0.331793 0.878957 270
292 0.748454 0.851466 681
293 0.531859 0.835339 363
294 0.522294 0.889620 590
295 0.356843 0.772398 167
296 0.600067 0.782961 138
297 0.606997 0.985955 420
298 0.437914 0.808943 296
299 0.555003 0.787267 200
300 0.414310 0.736012 368
301 0.645424 0.788044 162
302 0.688852 0.787069 495
303 0.644873 0.990029 466
304 0.610140 0.573482 594
305 0.365719 0.607940 736
306 0.558133 0.665490 371
307 0.673545 0.792999 865
308 0.691336 0.894107 708
309 0.748601 0.918297 603
310 0.564619 0.788476 143
311 0.406558 0.757776 381
312 0.737859 0.758332 628
313 0.340564 0.534774 707
314 0.562209 0.785755 370
315 0.435536 0.812114 477
316 0.724201 0.721843 268
317 0.626900 0.837894 207
318 0.681876 0.705886 295
319 0.555077 0.526908 619
320 0.656708 0.904745 243
321 0.565724 0.745097 481
322 0.737292 0.995392 627
323 0.555579 0.640389 120
324 0.637455 0.703830 298
325 0.458371 0.652553 208
326 0.533160 0.585445 679
327 0.657892 0.818792 693
328 0.454991 0.636630 331
329 0.415063 0.528346 386
330 0.338712 0.855922 196
331 0.472799 0.617802 392
332 0.623195 0.822088 270
333 0.566393 0.650223 188
334 0.642543 0.670277 320
335 0.740580 0.608991 718
336 0.768673 0.858228 383
337 0.356275 0.679146 632
338 0.418223 0.855291 284
339 0.482275 0.643728 660
340 0.328001 0.763668 322
341 0.603491 0.739389 439
342 0.359097 0.519554 677
343 0.424725 0.707797 403
344 0.722373 0.757980 465
345 0.507794 0.668823 479
346 0.345015 0.667833 682
347 0.356957 0.605254 773
348 0.513230 0.861556 268
349 0.578103 0.832249 786
350 0.521462 0.527188 287
351 0.494584 0.735530 314
352 0.728826 0.736356 362
353 0.592780 0.597820 199
354 0.738032 0.766300 765
355 0.499279 0.689015 247
356 0.408721 0.696915 250
357 0.610076 0.526570 638
358 0.628441 0.536071 303
359 0.746512 0.804849 788
360 0.680507 0.716328 442
361 0.734708 0.771946 319
362 0.791229 0.650214 881
363 0.663995 0.623195 273
364 0.731359 0.531065 372
365 0.344943 0.520760 789
366 0.343382 0.850464 379
367 0.588413 0.971569 528
368 0.457849 0.948786 827
369 0.313177 0.694021 132
370 0.302663 0.683908 466
371 0.710367 0.666114 765
372 0.618233 0.550299 546
373 0.741495 0.678990 343
374 0.744082 0.570847 834
375 0.516039 0.534202 506
376 0.589047 0.531797 556
377 0.791871 0.876874 240
378 0.668502 0.509112 269
379 0.763796 0.851218 540
380 0.739916 0.716387 231
381 0.420467 0.713536 346
382 0.749424 0.636202 305
383 0.781664 0.700962 880
384 0.511532 0.677306 522
385 0.748744 0.556897 459
386 0.711280 0.790497 431
387 0.408439 0.787324 239
388 0.720032 0.924225 540
389 0.581922 0.637377 390
390 0.697890 0.634451 372
391 0.535734 0.593702 340
392 0.738654 0.835792 163
393 0.784076 0.501352 784
394 0.336321 0.710904 601
395 0.493043 0.956684 269
396 0.471163 0.989086 270
397 0.423229 0.539446 331
398 0.706794 0.858349 188
399 0.776783 0.719897 388
400 0.428348 0.925051 623
401 0.462656 0.913872 194
402 0.335555 0.942860 398
403 0.497358 0.916624 799
404 0.317967 0.724592 749
405 0.300449 0.834673 893
406 0.730947 0.904983 197
407 0.457268 0.611554 777
408 0.473043 0.739548 678
409 0.617744 0.610905 616
410 0.422679 0.689165 231
411 0.415265 0.890498 156
412 0.781919 0.557295 876
413 0.591821 0.796454 146
414 0.554442 0.672302 895
415 0.751809 0.643947 862
416 0.691705 0.598529 705
417 0.582562 0.903634 283
418 0.355271 0.958334 371
419 0.725613 0.684229 647
420 0.533080 0.536797 679
421 0.787683 0.675118 795
422 0.599023 0.811520 566
423 0.390080 0.876865 697
424 0.577495 0.580336 561
425 0.474930 0.620787 434
426 0.730322 0.660622 550
427 0.472263 0.916531 125
428 0.615243 0.633335 366
429 0.618970 0.571664 191
430 0.582230 0.820561 540
431 0.665126 0.608218 494
432 0.644120 0.792829 471
433 0.590982 0.731931 334
434 0.480938 0.914780 588
435 0.501353 0.984225 575
436 0.742577 0.511420 532
437 0.661951 0.722699 228
438 0.661618 0.836100 337
439 0.502597 0.933805 292
440 0.459935 0.541627 258
441 0.402975 0.909209 400
442 0.623584 0.956434 100
443 0.516777 0.633522 244
444 0.767341 0.592285 824
445 0.705318 0.884809 249
446 0.746404 0.534370 584
447 0.749458 0.942168 569
448 0.787870 0.722990 452
449 0.388728 0.834014 613
450 0.408190 0.617228 736
451 0.614271 0.996070 786
452 0.562754 0.719799 326
453 0.471441 0.858183 785
454 0.515830 0.624410 572
455 0.543330 0.936551 519
456 0.729756 0.573424 505
457 0.760797 0.531702 581
458 0.510088 0.606365 260
459 0.707876 0.534088 681
460 0.679002 0.765282 635
461 0.405123 0.780074 738
462 0.371192 0.876488 231
463 0.554066 0.901500 819
464 0.527861 0.787729 723
465 0.581862 0.520198 376
466 0.529947 0.677422 585
467 0.390790 0.518726 640
468 0.333645 0.965314 592
469 0.668474 0.749417 669
470 0.387922 0.978868 399
471 0.370957 0.827055 705
472 0.648233 0.520304 835
473 0.589369 0.716696 295
474 0.757164 0.543721 540
475 0.518324 0.952599 433
476 0.663635 0.895542 654
477 0.455744 0.914829 113
478 0.608498 0.527062 181
479 0.380478 0.798005 581
480 0.532466 0.971849 542
481 0.531289 0.619120 585
482 0.357178 0.903526 260
483 0.372336 0.629008 517
484 0.696168 0.996682 573
485 0.400104 0.919204 194
486 0.542513 0.919020 335
487 0.328664 0.910341 436
488 0.580716 0.704815 840
489 0.466220 0.862710 185
490 0.587379 0.786955 647
491 0.723208 0.559854 256
492 0.780098 0.803808 631
493 0.698029 0.931289 226
494 0.382557 0.803598 468
495 0.783268 0.831875 326
496 0.593659 0.985918 808
497 0.339522 0.772081 155
498 0.650058 0.606758 115
499 0.330924 0.972857 296
500 0.625092 0.695018 241
501 0.442743 0.722206 732
502 0.530253 0.518387 622
503 0.737816 0.665974 895
504 0.669356 0.891960 323
505 0.468274 0.746186 455
506 0.456084 0.968801 789
507 0.511830 0.512205 378
508 0.732900 0.750833 534
509 0.644947 0.558928 275
510 0.665471 0.607817 888
511 0.798160 0.828441 735
512 0.710774 0.894818 865
513 0.476517 0.873743 306
514 0.722635 0.537151 225
515 0.677227 0.787871 875
516 0.450861 0.743482 712
517 0.603324 0.744612 165
518 0.599225 0.798484 785
519 0.768369 0.856454 765
520 0.787200 0.604119 421
521 0.357968 0.799955 475
522 0.662773 0.513906 431
523 0.472487 0.607718 319
524 0.738400 0.930145 317
525 0.507578 0.975169 764
526 0.337710 0.645896 376
527 0.450951 0.800969 650
528 0.596921 0.909802 181
529 0.722096 0.675388 300
530 0.557845 0.588962 577
531 0.730442 0.669094 571
532 0.480530 0.917925 892
533 0.738416 0.511048 881
534 0.564567 0.514849 710
535 0.354762 0.563202 385
536 0.724495 0.726539 350
537 0.492905 0.589033 184
538 0.325875 0.538516 821
539 0.416608 0.990403 514
540 0.753610 0.787453 280
541 0.703865 0.583769 339
542 0.504892 0.763216 578
543 0.785286 0.578517 375
544 0.749068 0.546019 256
545 0.458890 0.604116 411
546 0.410808 0.897756 766
547 0.782760 0.979966 548
548 0.659767 0.779156 695
549 0.375973 0.737257 283
550 0.581764 0.825092 494
551 0.474958 0.571607 500
552 0.577669 0.733717 558
553 0.322559 0.858041 181
554 0.690095 0.878379 602
555 0.652319 0.564512 674
556 0.325708 0.686339 288
557 0.684109 0.645114 740
558 0.573779 0.977202 121
559 0.426313 0.888805 376
560 0.325274 0.808858 232
561 0.566961 0.761121 211
562 0.383509 0.918254 374
563 0.536863 0.697770 136
564 0.696060 0.925908 339
565 0.347218 0.968492 670
566 0.762142 0.571106 305
567 0.611887 0.512299 303
568 0.419808 0.790930 378
569 0.616196 0.722124 831
570 0.550582 0.862570 471
571 0.330933 0.738339 536
572 0.742782 0.803018 606
573 0.580246 0.522242 887
574 0.475027 0.687707 378
575 0.694650 0.541737 155
576 0.411098 0.710939 654
577 0.305157 0.692700 282
578 0.434055 0.823289 447
579 0.320400 0.853870 672
580 0.470437 0.660086 749
581 0.481868 0.796832 228
582 0.708372 0.766726 873
583 0.661600 0.985239 861
584 0.447719 0.922326 353
585 0.388334 0.788425 421
586 0.377653 0.890511 220
587 0.443266 0.959032 180
588 0.485412 0.820873 359
589 0.665226 0.844944 438
590 0.704229 0.941458 683
591 0.576464 0.708640 294
592 0.474051 0.742427 776
593 0.584996 0.718524 261
594 0.793751 0.554288 388
595 0.769970 0.607111 654
596 0.326381 0.970970 613
597 0.479365 0.701995 626
598 0.607164 0.675605 398
599 0.387708 0.507187 392
600 0.533815 0.815598 255
601 0.584339 0.706554 819
602 0.530086 0.824754 472
603 0.367097 0.531323 218
604 0.559453 0.972269 779
605 0.787510 0.930420 222
606 0.703916 0.761664 637
607 0.519664 0.953299 222
608 0.518091 0.617961 311
609 0.368998 0.600788 610
610 0.607167 0.970047 502
611 0.554410 0.713754 382
612 0.602717 0.883115 783
613 0.461508 0.775790 407
614 0.396053 0.678156 701
615 0.344967 0.835843 656
616 0.658768 0.545487 676
617 0.666131 0.630744 252
618 0.748840 0.594817 418
619 0.597077 0.850751 883
620 0.653974 0.997654 651
621 0.703417 0.596441 113
622 0.619782 0.673270 534
623 0.585775 0.645861 287
624 0.622314 0.798759 647
625 0.476404 0.774012 264
626 0.329677 0.664177 338
627 0.530268 0.952380 539
628 0.633683 0.711146 643
629 0.489060 0.950805 566
630 0.671544 0.722379 543
631 0.595381 0.919886 820
632 0.415031 0.797123 267
633 0.796495 0.933005 298
634 0.448343 0.712209 772
635 0.794749 0.571845 161
636 0.596901 0.771281 863
637 0.383242 0.644188 570
638 0.789924 0.902572 248
639 0.505615 0.650880 805
640 0.370165 0.625936 222
641 0.719560 0.594472 248
642 0.785968 0.672032 262
643 0.436236 0.750979 302
644 0.489860 0.861733 134
645 0.559902 0.594244 444
646 0.340802 0.656620 442
647 0.584384 0.548984 679
648 0.535165 0.684929 650
649 0.629696 0.614284 752
650 0.757252 0.835935 647
651 0.352656 0.670688 322
652 0.422560 0.913481 513
653 0.786470 0.868758 540
654 0.349799 0.865438 571
655 0.399173 0.515977 292
656 0.324584 0.655945 798
657 0.777447 0.573849 762
658 0.585952 0.680423 777
659 0.471623 0.674263 128
660 0.473985 0.592227 521
661 0.533907 0.986715 641
662 0.393612 0.699709 554
663 0.575728 0.631590 252
664 0.371157 0.876189 263
665 0.725846 0.717605 736
666 0.500594 0.951841 384
667 0.641138 0.721092 735
668 0.524911 0.532303 345
669 0.416334 0.922405 492
670 0.533511 0.515214 628
671 0.466014 0.738837 328
672 0.703081 0.685244 556
673 0.767661 0.898815 705
674 0.791138 0.550918 849
675 0.436919 0.618065 350
676 0.393454 0.794377 426
677 0.358312 0.825789 546
678 0.569136 0.691491 574
679 0.736400 0.779673 591
680 0.759706 0.806273 779
681 0.336805 0.687135 450
682 0.677433 0.630362 415
683 0.352445 0.930668 874
684 0.774353 0.890414 448
685 0.706254 0.916613 788
686 0.686512 0.688804 382
687 0.514801 0.943649 754
688 0.440609 0.714010 470
689 0.686829 0.726884 198
690 0.358790 0.826434 890
691 0.600454 0.764375 265
692 0.524967 0.602270 773
693 0.770894 0.964242 485
694 0.403566 0.834841 652
695 0.478103 0.524485 619
696 0.738076 0.989783 710
697 0.317499 0.841444 717
698 0.586907 0.623050 230
699 0.763575 0.876150 494
700 0.646105 0.948101 746
701 0.505857 0.868163 151
702 0.300194 0.767721 872
703 0.506137 0.834480 857
704 0.718594 0.852461 474
705 0.680675 0.558894 480
706 0.409821 0.524091 802
707 0.500983 0.816329 847
708 0.391215 0.807279 745
709 0.749920 0.776568 343
710 0.477633 0.648930 890
711 0.469881 0.939478 821
712 0.759184 0.885883 636
713 0.305325 0.958631 629
714 0.340580 0.994241 117
715 0.648084 0.802509 246
716 0.729111 0.675344 694
717 0.343798 0.740357 533
718 0.636810 0.931718 601
719 0.416224 0.504886 489
720 0.755752 0.777941 292
721 0.400355 0.817231 446
722 0.709845 0.746579 176
723 0.382420 0.732464 322
724 0.611586 0.817500 383
725 0.530480 0.924696 117
726 0.505867 0.775363 813
727 0.593687 0.556662 844
728 0.586212 0.586580 857
729 0.684869 0.562555 305
730 0.604463 0.620066 183
731 0.595548 0.951371 790
732 0.648143 0.718311 143
733 0.486827 0.802366 327
734 0.406642 0.666997 270
735 0.752998 0.554899 473
736 0.531651 0.888654 276
737 0.747225 0.505999 617
738 0.777475 0.752408 228
739 0.314415 0.645148 810
740 0.550679 0.991619 683
741 0.679231 0.902214 524
742 0.698526 0.897541 234
743 0.366433 0.838249 389
744 0.691018 0.978464 433
745 0.645235 0.514809 234
746 0.560530 0.895351 356
747 0.781128 0.735949 782
748 0.381900 0.918939 403
749 0.503307 0.869797 886
750 0.676909 0.515466 751
751 0.446233 0.938666 278
752 0.489421 0.800302 544
753 0.635438 0.727679 380
754 0.320166 0.858565 642
755 0.641748 0.637327 326
756 0.750935 0.592717 169
757 0.510533 0.702681 793
758 0.399552 0.704143 673
759 0.787746 0.966420 160
760 0.473582 0.920273 302
761 0.345034 0.995710 727
762 0.643969 0.636291 147
763 0.502099 0.975877 314
764 0.714854 0.822349 179
765 0.725831 0.929995 768
766 0.771027 0.894081 255
767 0.733645 0.985670 897
768 0.695004 0.506119 318
769 0.566829 0.518401 339
770 0.517353 0.984385 195
771 0.438335 0.955071 296
772 0.647684 0.533698 730
773 0.334588 0.921370 629
774 0.673084 0.901716 438
775 0.304867 0.579677 799
776 0.584787 0.880399 248
777 0.569151 0.675388 836
778 0.653661 0.986807 344
779 0.709601 0.753300 295
780 0.764176 0.724777 752
781 0.534623 0.745142 591
782 0.348612 0.873599 265
783 0.766395 0.878248 644
784 0.733179 0.895594 155
785 0.519893 0.567794 394
786 0.339797 0.769649 268
787 0.702253 0.549386 248
788 0.325969 0.996678 485
789 0.674813 0.532717 107
790 0.762794 0.863616 339
791 0.388418 0.835592 182
792 0.609744 0.745481 247
793 0.544076 0.939508 327
794 0.401934 0.728828 401
795 0.382608 0.931221 119
796 0.726281 0.799072 192
797 0.590895 0.908910 878
798 0.444896 0.610846 206
799 0.477090 0.631481 697
800 0.537879 0.908055 682
801 0.343539 0.770030 258
802 0.659267 0.585667 860
803 0.730799 0.770363 422
804 0.570813 0.632145 737
805 0.673702 0.650263 173
806 0.695386 0.888705 539
807 0.728123 0.782244 321
808 0.406653 0.945304 686
809 0.729332 0.842802 863
810 0.496023 0.849815 529
811 0.428886 0.750887 228
812 0.678402 0.521484 749
813 0.747942 0.500084 528
814 0.795340 0.846462 853
815 0.692914 0.681126 652
816 0.453222 0.601549 672
817 0.784304 0.766301 177
818 0.644183 0.813442 242
819 0.320705 0.706944 566
820 0.473817 0.892114 753
821 0.333484 0.624693 707
822 0.333995 0.909141 541
823 0.739492 0.658643 515
824 0.474610 0.502407 658
825 0.741967 0.872055 453
826 0.628785 0.717765 764
827 0.507945 0.767369 189
828 0.337430 0.948024 626
829 0.782467 0.503824 820
830 0.366944 0.880740 417
831 0.609014 0.588926 890
832 0.597108 0.920395 198
833 0.592930 0.936367 382
834 0.363018 0.798642 306
835 0.507223 0.877745 590
836 0.650458 0.771309 459
837 0.440877 0.756456 667
838 0.611486 0.733860 671
839 0.472102 0.506711 735
840 0.551796 0.556158 866
841 0.759703 0.738440 149
842 0.361470 0.506307 594
843 0.555823 0.649479 510
844 0.419804 0.868299 273
845 0.769665 0.828677 587
846 0.477944 0.821883 227
847 0.779211 0.980159 582
848 0.744778 0.611554 371
849 0.638277 0.736808 162
850 0.375058 0.964361 786
851 0.342869 0.825080 624
852 0.531029 0.697389 785
853 0.540907 0.693331 307
854 0.393854 0.586593 614
855 0.304654 0.686526 659
856 0.515410 0.684921 220
857 0.658811 0.757348 836
858 0.769600 0.682273 740
859 0.585188 0.831337 773
860 0.551471 0.613697 327
861 0.579701 0.701367 773
862 0.591654 0.698131 425
863 0.778211 0.647414 402
864 0.444492 0.581005 830
865 0.382222 0.514595 264
866 0.758007 0.974668 100
867 0.516050 0.707730 573
868 0.456490 0.537242 100
869 0.660116 0.852341 348
870 0.610483 0.676986 627
871 0.321067 0.574151 745
872 0.499820 0.695256 290
873 0.454694 0.942195 868
874 0.577529 0.913043 795
875 0.563587 0.714995 882
876 0.657637 0.941009 420
877 0.660559 0.935275 330
878 0.375055 0.760937 445
879 0.694394 0.695334 272
880 0.618920 0.748062 157
881 0.691588 0.774411 409
882 0.643893 0.993486 437
883 0.693063 0.696687 643
884 0.631958 0.697334 259
885 0.761338 0.713803 284
886 0.547274 0.583859 263
887 0.491605 0.842569 882
888 0.653300 0.516654 698
889 0.697324 0.924940 531
890 0.466311 0.861645 808
891 0.405387 0.793459 496
892 0.369588 0.842236 152
893 0.773231 0.859530 307
894 0.388194 0.871070 784
895 0.310311 0.786969 166
896 0.522184 0.678825 713
897 0.688977 0.852482 770
898 0.720556 0.670714 318
899 0.525025 0.998225 287
900 0.613417 0.580620 426
901 0.506442 0.584133 640
902 0.494865 0.660096 891
903 0.721676 0.912130 520
904 0.725476 0.602857 180
905 0.661568 0.867380 317
906 0.777608 0.748976 109
907 0.570713 0.984998 358
908 0.707320 0.683233 341
909 0.610321 0.576446 182
910 0.326740 0.938849 783
911 0.629680 0.707963 432
912 0.498567 0.956595 716
913 0.642584 0.826192 746
914 0.428178 0.826247 753
915 0.568283 0.720892 703
916 0.316717 0.828047 575
917 0.438066 0.904005 680
918 0.688528 0.715158 466
919 0.515240 0.766910 886
920 0.402987 0.600772 477
921 0.696373 0.931869 813
922 0.659770 0.899250 210
923 0.677434 0.502465 246
924 0.316661 0.617673 720
925 0.382941 0.521735 629
926 0.341972 0.993871 601
927 0.710597 0.879337 665
928 0.781459 0.742484 855
929 0.758279 0.707720 888
930 0.302209 0.703450 812
931 0.344073 0.721126 453
932 0.546404 0.622580 260
933 0.705644 0.606943 292
934 0.503174 0.969612 390
935 0.532824 0.654917 887
936 0.362040 0.545675 432
937 0.357297 0.904356 254
938 0.573455 0.993327 285
939 0.644829 0.913187 459
940 0.710451 0.799358 129
941 0.542832 0.698290 456
942 0.482870 0.890595 841
943 0.771422 0.802549 668
944 0.579184 0.778810 510
945 0.500017 0.679589 121
946 0.339457 0.746980 190
947 0.525728 0.624205 860
948 0.347793 0.551190 826
949 0.667562 0.993169 748
950 0.487973 0.693817 754
951 0.441612 0.603874 840
952 0.729751 0.978551 503
953 0.444054 0.604645 157
954 0.316202 0.555360 490
955 0.334393 0.647282 590
956 0.671715 0.879711 138
957 0.675258 0.792821 194
958 0.332821 0.596688 623
959 0.714804 0.507389 143
960 0.718644 0.927494 415
961 0.519300 0.620649 101
962 0.341515 0.968690 614
963 0.349147 0.803816 111
964 0.406688 0.651739 642
965 0.707212 0.736391 779
966 0.696584 0.516125 524
967 0.528239 0.752297 698
968 0.579121 0.976982 253
969 0.494824 0.511639 758
970 0.691278 0.770674 478
971 0.596518 0.644217 708
972 0.564500 0.898597 876
973 0.615099 0.938443 336
974 0.673982 0.672564 566
975 0.569841 0.845978 692
976 0.412741 0.564414 494
977 0.545528 0.549305 657
978 0.453146 0.885303 444
979 0.705756 0.684565 280
980 0.501262 0.572693 893
981 0.645659 0.737900 436
982 0.314306 0.903720 242
983 0.520497 0.610180 549
984 0.448803 0.653199 674
985 0.764289 0.728228 290
986 0.751148 0.616590 615
987 0.527830 0.953596 600
988 0.435361 0.909589 833
989 0.426116 0.533664 717
990 0.316646 0.682458 723
991 0.397901 0.977226 761
992 0.435969 0.583195 184
993 0.608568 0.549114 672
994 0.621769 0.550824 415
995 0.540492 0.750314 742
996 0.686667 0.876360 459
997 0.783666 0.614252 407
998 0.710698 0.548218 373
999 0.632256 0.980306 587
1000 0.347493 0.525934 127
1001 0.452969 0.947439 424
1002 0.720247 0.567914 557
1003 0.536165 0.814576 410
1004 0.720468 0.527806 116
1005 0.489495 0.874961 361
1006 0.627688 0.716034 546
1007 0.534138 0.689832 508
1008 0.662288 0.891705 490
1009 0.677150 0.561369 885
1010 0.382967 0.974479 595
1011 0.741553 0.948395 590
1012 0.532823 0.518859 322
1013 0.440803 0.813397 621
1014 0.734347 0.652021 401
1015 0.675059 0.714285 495
1016 0.517729 0.695314 138
1017 0.507221 0.689012 858
1018 0.615291 0.736150 276
1019 0.652328 0.897605 194
1020 0.753151 0.955213 597
1021 0.626638 0.919561 879
1022 0.642675 0.769285 857
1023 0.366104 0.760046 192
1024 0.690565 0.838203 694
1025 0.347919 0.693853 534
1026 0.683325 0.973602 821
1027 0.480697 0.607411 649
1028 0.766987 0.683779 423
1029 0.322256 0.698306 791
1030 0.668051 0.819846 519
1031 0.367583 0.824928 599
1032 0.747408 0.956678 786
1033 0.635477 0.523301 535
1034 0.463035 0.879750 619
1035 0.534600 0.749530 310
1036 0.652612 0.656900 187
1037 0.716718 0.605367 814
1038 0.317781 0.589406 578
1039 0.325885 0.729192 578
1040 0.467215 0.932778 290
1041 0.723570 0.828113 177
1042 0.497944 0.952713 841
1043 0.517310 0.855446 604
1044 0.776336 0.606450 403
1045 0.650251 0.914536 562
1046 0.690359 0.661970 855
1047 0.654586 0.899134 525
1048 0.519767 0.998145 264
1049 0.600037 0.970131 448
1050 0.686281 0.887882 190
1051 0.675351 0.624069 136
1052 0.503655 0.789026 864
1053 0.649657 0.829436 569
1054 0.659028 0.571362 131
1055 0.657656 0.990406 772
1056 0.363537 0.584156 745
1057 0.494337 0.726270 744
1058 0.547406 0.643195 219
1059 0.472376 0.782715 694
1060 0.416382 0.741937 866
1061 0.348660 0.859614 862
1062 0.741049 0.735552 318
1063 0.457284 0.846888 527
1064 0.629589 0.970771 438
1065 0.485662 0.676988 312
1066 0.616774 0.802200 607
1067 0.772160 0.760278 823
1068 0.484005 0.721553 538
1069 0.652741 0.723082 315
1070 0.774862 0.718442 699
1071 0.689882 0.753147 815
1072 0.360706 0.570081 838
1073 0.766138 0.628056 509
1074 0.741422 0.982465 853
1075 0.469803 0.623346 298
1076 0.576583 0.732143 745
1077 0.650788 0.822085 516
1078 0.474935 0.784323 357
1079 0.643173 0.953247 134
1080 0.660710 0.892116 729
1081 0.353784 0.899988 663
1082 0.628759 0.781715 194
1083 0.631081 0.881485 412
1084 0.745343 0.599465 139
1085 0.793219 0.535482 771
1086 0.644988 0.713136 297
1087 0.373364 0.984555 896
1088 0.594063 0.963136 591
1089 0.651105 0.738054 254
1090 0.601641 0.922804 614
1091 0.787757 0.634897 557
1092 0.738700 0.855235 539
1093 0.327680 0.965696 571
1094 0.575407 0.601287 136
1095 0.520509 0.918212 380
1096 0.522338 0.875612 884
1097 0.568591 0.907305 530
1098 0.416907 0.984996 305
1099 0.434980 0.845154 157
1100 0.603188 0.793286 123
1101 0.391292 0.746877 749
1102 0.407733 0.975890 780
1103 0.740714 0.658896 553
1104 0.773338 0.685620 873
1105 0.749737 0.961511 255
1106 0.441821 0.686991 721
1107 0.337382 0.813834 353
1108 0.744064 0.563785 525
1109 0.446440 0.595141 132
1110 0.759370 0.676612 811
1111 0.342109 0.929275 391
1112 0.609306 0.825418 794
1113 0.379982 0.611381 861
1114 0.721095 0.648031 250
1115 0.325958 0.950326 495
1116 0.601299 0.535158 245
1117 0.478959 0.961968 594
1118 0.355587 0.658327 803
1119 0.642987 0.936867 241
1120 0.460402 0.913128 127
1121 0.321194 0.565891 445
1122 0.353592 0.769141 748
1123 0.599436 0.757092 381
1124 0.340136 0.649142 599
1125 0.511308 0.897459 335
1126 0.702316 0.560019 497
1127 0.578496 0.876099 860
1128 0.684567 0.638620 850
1129 0.310049 0.817007 584
1130 0.471031 0.974197 361
1131 0.605836 0.581980 622
1132 0.797657 0.846030 806
1133 0.479221 0.512819 509
1134 0.703872 0.611625 299
1135 0.304914 0.555385 290
1136 0.778977 0.933839 591
1137 0.555657 0.624530 222
1138 0.498728 0.860085 330
1139 0.539223 0.766784 706
1140 0.598664 0.560170 160
1141 0.442961 0.987213 151
1142 0.712517 0.721491 339
1143 0.418399 0.652778 520
1144 0.657415 0.658457 267
1145 0.338315 0.811393 458
1146 0.491680 0.932789 495
1147 0.630978 0.750888 312
1148 0.438616 0.866060 715
1149 0.335458 0.713229 196
1150 0.778183 0.720961 783
1151 0.591905 0.749263 111
1152 0.660528 0.895059 269
1153 0.434001 0.827550 763
1154 0.564042 0.604615 637
1155 0.457724 0.684417 591
1156 0.528615 0.900823 126
1157 0.414380 0.815557 407
1158 0.441920 0.635522 182
1159 0.457138 0.544230 120
1160 0.626414 0.590119 348
1161 0.340252 0.862367 171
1162 0.335508 0.797887 372
1163 0.645241 0.800173 198
1164 0.339875 0.608200 727
1165 0.582265 0.656289 402
1166 0.313874 0.980158 198
1167 0.762413 0.882246 242
1168 0.532298 0.651865 284
1169 0.788418 0.527160 131
1170 0.429002 0.583412 579
1171 0.498664 0.668668 357
1172 0.504689 0.786271 707
1173 0.672165 0.524511 609
1174 0.540744 0.748062 161
1175 0.448898 0.518661 470
1176 0.514765 0.794546 642
1177 0.783315 0.916257 186
1178 0.571702 0.665928 444
1179 0.369277 0.744028 723
1180 0.725647 0.882742 177
1181 0.623237 0.756986 372
1182 0.692342 0.644832 241
1183 0.548689 0.576247 301
1184 0.738330 0.620578 330
1185 0.638402 0.672827 463
1186 0.674110 0.800872 444
1187 0.313371 0.595201 669
1188 0.673011 0.649296 156
1189 0.313401 0.822482 230
1190 0.320580 0.794823 876
1191 0.557082 0.814246 615
1192 0.389979 0.983181 821
1193 0.770838 0.928446 866
1194 0.489903 0.993912 896
1195 0.478174 0.527181 280
1196 0.310392 0.978157 378
1197 0.496312 0.861578 234
1198 0.460584 0.650852 272
1199 0.481235 0.548452 791
1200 0.672567 0.898158 468
1201 0.365301 0.714400 877
1202 0.338049 0.920085 120
1203 0.710174 0.698234 587
1204 0.563459 0.932107 875
1205 0.361844 0.904672 679
1206 0.685977 0.958097 894
1207 0.767509 0.651626 223
1208 0.789392 0.594203 874
1209 0.732011 0.945347 734
1210 0.543329 0.573819 258
1211 0.769202 0.738592 508
1212 0.302926 0.622543 428
1213 0.760471 0.501199 522
1214 0.771972 0.866713 446
1215 0.429731 0.839779 755
1216 0.314356 0.846688 685
1217 0.359548 0.802603 604
1218 0.623365 0.640423 587
1219 0.623615 0.664948 773
1220 0.793105 0.816509 225
1221 0.676697 0.775646 195
1222 0.769816 0.585636 310
1223 0.582090 0.786691 580
1224 0.731323 0.808621 308
1225 0.603090 0.502322 482
1226 0.615879 0.599614 268
1227 0.433558 0.964737 470
1228 0.774037 0.777924 672
1229 0.779273 0.883639 310
1230 0.471017 0.802644 484
1231 0.487367 0.873363 404
1232 0.741132 0.628346 656
1233 0.645733 0.608830 262
1234 0.583301 0.934229 398
1235 0.741756 0.507549 655
1236 0.720640 0.852976 865
1237 0.796450 0.830445 838
1238 0.673881 0.637511 185
1239 0.362569 0.505284 405
1240 0.460802 0.734940 376
1241 0.754563 0.882518 113
1242 0.680676 0.578647 577
1243 0.415265 0.635385 724
1244 0.712134 0.738335 336
1245 0.485865 0.910093 561
1246 0.732309 0.733699 718
1247 0.585909 0.838829 285
1248 0.705307 0.720633 496
1249 0.595978 0.654685 681
1250 0.563222 0.518168 611
1251 0.382220 0.945886 706
1252 0.311507 0.644143 236
1253 0.328338 0.571555 135
1254 0.666287 0.591393 425
1255 0.322315 0.812442 789
1256 0.436305 0.836365 522
1257 0.436299 0.530054 803
1258 0.428048 0.663626 218
1259 0.397394 0.714756 686
1260 0.759692 0.798841 727
1261 0.566970 0.674683 530
1262 0.465484 0.771301 553
1263 0.668257 0.763859 818
1264 0.699917 0.738208 396
1265 0.767875 0.866764 660
1266 0.508307 0.877898 878
1267 0.468757 0.548608 309
1268 0.660539 0.730818 623
1269 0.714264 0.881663 500
1270 0.732196 0.994143 134
1271 0.744576 0.844809 486
1272 0.515497 0.903528 546
1273 0.525887 0.948165 316
1274 0.574358 0.773417 708
1275 0.392119 0.971149 591
1276 0.678386 0.732466 893
1277 0.617158 0.826963 242
1278 0.667989 0.911785 314
1279 0.521347 0.601029 725
1280 0.452843 0.960363 762
1281 0.512942 0.984171 782
1282 0.577433 0.623241 427
1283 0.574085 0.805984 631
1284 0.350111 0.907737 390
1285 0.411732 0.626647 374
1286 0.786190 0.582634 455
1287 0.310891 0.727160 620
1288 0.384972 0.690896 551
1289 0.452524 0.642380 439
1290 0.389607 0.952968 282
1291 0.575166 0.534045 754
1292 0.740940 0.633851 801
1293 0.645742 0.911643 365
1294 0.581672 0.586761 211
1295 0.437001 0.852629 777
1296 0.487784 0.811811 527
1297 0.586057 0.934234 670
1298 0.328831 0.653053 864
1299 0.572252 0.930333 672
1300 0.484588 0.640009 189
1301 0.736669 0.933639 671
1302 0.316878 0.841122 549
1303 0.305765 0.788033 173
1304 0.509316 0.830708 465
1305 0.529799 0.625882 242
1306 0.332331 0.810024 714
1307 0.747613 0.783925 451
1308 0.320629 0.708809 297
1309 0.484776 0.632082 693
1310 0.691800 0.977138 176
1311 0.376721 0.752627 342
1312 0.693179 0.879093 719
1313 0.604175 0.664105 235
1314 0.602011 0.673563 523
1315 0.762258 0.877295 677
1316 0.583926 0.627731 377
1317 0.470126 0.920375 795
1318 0.662054 0.579152 153
1319 0.531732 0.523209 686
1320 0.513731 0.801680 331
1321 0.545171 0.846202 570
1322 0.692859 0.584775 627
1323 0.719994 0.794273 825
1324 0.713408 0.749530 705
1325 0.579922 0.860029 503
1326 0.350481 0.897926 288
1327 0.470230 0.828937 568
1328 0.615509 0.866059 506
1329 0.365329 0.610523 457
1330 0.347167 0.773608 752
1331 0.761867 0.834313 649
1332 0.456458 0.642906 881
1333 0.564516 0.800186 216
1334 0.492492 0.903607 100
1335 0.303930 0.538107 422
1336 0.402797 0.998182 752
1337 0.461427 0.805613 495
1338 0.434736 0.823634 570
1339 0.560262 0.952294 522
1340 0.529021 0.754917 536
1341 0.419102 0.944287 548
1342 0.583785 0.909664 743
1343 0.592309 0.542547 818
1344 0.667367 0.617918 663
1345 0.418803 0.792553 805
1346 0.342882 0.607772 339
1347 0.573596 0.759472 843
1348 0.660108 0.577538 583
1349 0.398621 0.511211 818
1350 0.707182 0.611542 387
1351 0.796523 0.873846 175
1352 0.783703 0.634684 542
1353 0.411308 0.934194 744
1354 0.781811 0.761761 890
1355 0.534469 0.832690 346
1356 0.716578 0.669505 666
1357 0.553936 0.844803 685
1358 0.627626 0.600142 684
1359 0.601886 0.690269 394
1360 0.436041 0.960456 319
1361 0.614295 0.806454 740
1362 0.544847 0.576950 355
1363 0.383856 0.705955 357
1364 0.643692 0.762668 873
1365 0.333103 0.682083 621
1366 0.666544 0.977272 833
1367 0.732461 0.934784 200
1368 0.405359 0.998743 199
1369 0.602823 0.582488 834
1370 0.705576 0.770323 566
1371 0.403570 0.580555 374
1372 0.454266 0.624220 864
1373 0.731142 0.729762 517
1374 0.759190 0.835393 631
1375 0.593296 0.594396 778
1376 0.789587 0.720733 628
1377 0.383092 0.809178 410
1378 0.389290 0.783945 777
1379 0.457202 0.818212 661
1380 0.485922 0.986800 781
1381 0.635680 0.595823 221
1382 0.476585 0.573751 600
1383 0.416873 0.740605 679
1384 0.796029 0.995314 763
1385 0.328025 0.973984 567
1386 0.730830 0.663328 202
1387 0.647305 0.962359 403
1388 0.737343 0.620606 634
1389 0.319859 0.698862 490
1390 0.602394 0.974994 649
1391 0.435790 0.918950 802
1392 0.554660 0.632094 528
1393 0.397496 0.858450 148
1394 0.453388 0.506872 529
1395 0.392566 0.924861 412
1396 0.565230 0.618457 844
1397 0.527924 0.848742 688
1398 0.653425 0.525284 311
1399 0.428144 0.743038 816
1400 0.318585 0.875926 207
1401 0.498107 0.649346 128
1402 0.622760 0.609981 760
1403 0.689884 0.853019 844
1404 0.726681 0.587088 116
1405 0.530761 0.836614 738
1406 0.335266 0.941979 735
1407 0.652425 0.663242 604
1408 0.651396 0.988276 371
1409 0.301611 0.675857 734
1410 0.776813 0.523356 176
1411 0.348521 0.698152 162
1412 0.435816 0.845805 753
1413 0.767227 0.790880 559
1414 0.745617 0.932838 747
1415 0.706306 0.946670 793
1416 0.553984 0.960691 310
1417 0.711716 0.706280 513
1418 0.763954 0.593232 122
1419 0.480346 0.984601 744
1420 0.440083 0.586905 412
1421 0.771185 0.582417 606
1422 0.565868 0.956824 216
1423 0.503544 0.840139 193
1424 0.300332 0.952790 791
1425 0.497061 0.557942 620
1426 0.572505 0.578185 206
1427 0.680280 0.823536 674
1428 0.632038 0.627409 254
1429 0.388491 0.940584 579
1430 0.663027 0.938876 446
1431 0.421689 0.685105 343
1432 0.678317 0.690309 718
1433 0.366980 0.965729 871
1434 0.625207 0.549619 896
1435 0.769997 0.715648 248
1436 0.530217 0.644999 542
1437 0.458872 0.940080 643
1438 0.425131 0.814576 274
1439 0.306034 0.520813 212
1440 0.339650 0.796078 870
1441 0.393336 0.877276 218
1442 0.363503 0.702050 734
1443 0.521914 0.568614 688
1444 0.421816 0.745047 396
1445 0.647375 0.803372 466
1446 0.410827 0.711788 808
1447 0.633656 0.607051 731
1448 0.456500 0.866370 457
1449 0.431227 0.894385 451
1450 0.509297 0.997717 186
1451 0.633634 0.619022 237
1452 0.730801 0.828431 544
1453 0.767712 0.792104 463
1454 0.626445 0.966378 491
1455 0.555549 0.777707 613
1456 0.517421 0.865849 274
1457 0.370954 0.756628 216
1458 0.326102 0.769162 728
1459 0.733837 0.842593 303
1460 0.408933 0.566781 404
1461 0.447650 0.881041 871
1462 0.657239 0.577524 257
1463 0.596063 0.867002 699
1464 0.652590 0.523685 565
1465 0.672371 0.886530 121
1466 0.515482 0.966072 648
1467 0.455009 0.739490 517
1468 0.526529 0.980075 200
1469 0.334039 0.592898 395
1470 0.787719 0.775384 337
1471 0.592873 0.795177 529
1472 0.463162 0.845974 556
1473 0.338243 0.572638 702
1474 0.675575 0.766649 693
1475 0.383461 0.586115 289
1476 0.667509 0.526234 360
1477 0.776794 0.646439 751
1478 0.474771 0.851644 513
1479 0.370247 0.912728 150
1480 0.480899 0.771432 730
1481 0.592093 0.980143 475
1482 0.654160 0.500684 364
1483 0.527368 0.601559 124
1484 0.775127 0.978294 800
1485 0.341283 0.788316 393
1486 0.528805 0.979055 675
1487 0.473287 0.645911 769
1488 0.507828 0.864942 156
1489 0.521303 0.595279 360
1490 0.735472 0.795972 654
1491 0.335886 0.944598 138
1492 0.520312 0.721794 794
1493 0.739417 0.994743 775
1494 0.388285 0.778801 288
1495 0.673657 0.701597 734
1496 0.744734 0.851303 870
1497 0.599581 0.652641 877
1498 0.573760 0.507004 690
1499 0.530449 0.607855 236
1500 0.581048 0.886885 158
1501 0.320567 0.876970 491
1502 0.485655 0.810744 292
1503 0.374779 0.950893 746
1504 0.515476 0.793228 138
1505 0.571440 0.893967 559
1506 0.381057 0.703591 264
1507 0.356298 0.928064 527
1508 0.481127 0.886925 471
1509 0.333504 0.837938 239
1510 0.596538 0.722436 836
1511 0.438522 0.514517 535
1512 0.530986 0.834964 664
1513 0.699990 0.667075 147
1514 0.630745 0.748261 800
1515 0.680248 0.852803 472
1516 0.775534 0.870091 585
1517 0.763508 0.824687 879
1518 0.575210 0.702934 131
1519 0.489839 0.510066 776
1520 0.521785 0.987181 781
1521 0.784102 0.823916 116
1522 0.592236 0.626876 483
1523 0.651782 0.649561 341
1524 0.718262 0.545149 787
1525 0.670331 0.810271 523
1526 0.761677 0.665091 331
1527 0.667532 0.666464 272
1528 0.596982 0.974208 284
1529 0.776162 0.742877 407
1530 0.416973 0.918509 285
1531 0.308003 0.842658 604
1532 0.389786 0.841491 443
1533 0.707089 0.625631 464
1534 0.720385 0.585658 665
1535 0.354608 0.551231 474
1536 0.634103 0.889575 427
1537 0.785005 0.883460 210
1538 0.613971 0.802921 566
1539 0.510761 0.770167 530
1540 0.500063 0.647927 227
1541 0.786864 0.919566 398
1542 0.615961 0.719074 662
1543 0.441814 0.879332 783
1544 0.551374 0.744242 580
1545 0.689295 0.818002 589
1546 0.406490 0.683205 493
1547 0.605910 0.541457 781
1548 0.619849 0.803609 747
1549 0.583908 0.747999 557
1550 0.462644 0.568885 517
1551 0.499192 0.560247 807
1552 0.414770 0.735369 638
1553 0.478410 0.947991 600
1554 0.525411 0.714026 529
1555 0.746418 0.989972 167
1556 0.771839 0.857310 782
1557 0.717273 0.800890 407
1558 0.572535 0.790482 745
1559 0.670702 0.657697 319
1560 0.378518 0.780479 212
1561 0.603907 0.733673 753
1562 0.424299 0.789122 397
1563 0.332718 0.594012 430
1564 0.691916 0.634210 244
1565 0.652497 0.917670 189
1566 0.564363 0.698147 736
1567 0.321238 0.950480 434
1568 0.323545 0.688927 800
1569 0.489547 0.544221 721
1570 0.626336 0.872642 153
1571 0.303933 0.820652 482
1572 0.708124 0.888364 398
1573 0.550335 0.789954 755
1574 0.788034 0.884334 828
1575 0.411936 0.611460 440
1576 0.488875 0.820161 213
1577 0.587337 0.700522 264
1578 0.587702 0.789227 875
1579 0.314860 0.883208 385
1580 0.430645 0.917475 487
1581 0.452067 0.977433 319
1582 0.685173 0.559537 157
1583 0.676468 0.854104 788
1584 0.364093 0.727530 856
1585 0.798116 0.963006 812
1586 0.747574 0.965471 801
1587 0.708393 0.753591 367
1588 0.535545 0.859230 744
1589 0.604666 0.525067 316
1590 0.545051 0.732999 640
1591 0.664427 0.677627 794
1592 0.582797 0.985526 590
1593 0.437691 0.919138 623
1594 0.501375 0.719795 891
1595 0.778680 0.560198 535
1596 0.675361 0.650918 473
1597 0.434570 0.751402 111
1598 0.640068 0.643608 454
1599 0.472386 0.595423 776
1600 0.559718 0.882172 234
1601 0.675576 0.817259 656
1602 0.701596 0.754339 188
1603 0.732833 0.547670 708
1604 0.707752 0.578315 249
1605 0.508188 0.928672 126
1606 0.528617 0.758453 388
1607 0.783263 0.818923 569
1608 0.797825 0.549382 325
1609 0.475239 0.851797 568
1610 0.309684 0.519071 561
1611 0.468315 0.889009 149
1612 0.327071 0.952199 176
1613 0.446432 0.763892 315
1614 0.776640 0.809816 607
1615 0.540287 0.866381 896
1616 0.746525 0.803588 641
1617 0.535441 0.561536 263
1618 0.736544 0.929819 483
1619 0.353849 0.807044 616
1620 0.748901 0.833504 835
1621 0.485304 0.878266 653
1622 0.394585 0.764486 227
1623 0.301523 0.750384 481
1624 0.303569 0.695782 543
1625 0.577608 0.673415 390
1626 0.524448 0.996962 709
1627 0.713533 0.827779 112
1628 0.389711 0.797165 452
1629 0.491315 0.801006 401
1630 0.663213 0.935968 138
1631 0.722119 0.570148 437
1632 0.329234 0.890434 322
1633 0.407562 0.501601 133
1634 0.792623 0.575316 152
1635 0.344380 0.674033 368
1636 0.354273 0.644252 301
1637 0.587904 0.616941 246
1638 0.337958 0.626761 475
1639 0.618585 0.560553 346
1640 0.655370 0.996125 778
1641 0.624946 0.600042 126
1642 0.722937 0.608293 179
1643 0.316718 0.696044 470
1644 0.794151 0.652832 767
1645 0.787208 0.821391 634
1646 0.372253 0.917322 143
1647 0.551122 0.767369 845
1648 0.757557 0.809104 391
1649 0.659198 0.891060 406
1650 0.709916 0.650776 397
1651 0.551906 0.704380 326
1652 0.356537 0.673318 594
1653 0.494631 0.591191 264
1654 0.395073 0.819065 891
1655 0.406294 0.508874 550
1656 0.447878 0.712236 263
1657 0.665379 0.930734 679
1658 0.580270 0.827745 553
1659 0.502689 0.586055 149
1660 0.416605 0.815799 296
1661 0.622139 0.772457 871
1662 0.653034 0.853102 259
1663 0.432956 0.537459 374
1664 0.536636 0.664068 649
1665 0.670025 0.911470 560
1666 0.586145 0.539079 672
1667 0.759234 0.642718 254
1668 0.663216 0.857523 363
1669 0.770509 0.851035 693
1670 0.355311 0.825488 306
1671 0.328346 0.625671 203
1672 0.582111 0.596115 720
1673 0.361454 0.999296 773
1674 0.686592 0.600526 813
1675 0.693074 0.897453 306
1676 0.447696 0.939460 577
1677 0.688024 0.551579 242
1678 0.546890 0.626442 184
1679 0.458613 0.988457 894
1680 0.319881 0.973311 739
1681 0.527697 0.692612 371
1682 0.705074 0.683603 409
1683 0.407089 0.559182 826
1684 0.516146 0.878384 706
1685 0.719891 0.869855 336
1686 0.660282 0.889461 369
1687 0.348199 0.736759 647
1688 0.749065 0.915684 499
1689 0.601079 0.518598 634
1690 0.555428 0.595889 390
1691 0.536465 0.747461 756
1692 0.321410 0.662798 823
1693 0.741350 0.634043 410
1694 0.484274 0.576442 831
1695 0.356018 0.503360 378
1696 0.782161 0.542759 599
1697 0.580877 0.783405 221
1698 0.560381 0.787584 214
1699 0.540191 0.650669 791
1700 0.753288 0.793579 289
1701 0.486673 0.506481 685
1702 0.483598 0.839462 554
1703 0.308877 0.661021 269
1704 0.662329 0.876822 246
1705 0.547166 0.776036 537
1706 0.495422 0.679241 543
1707 0.757625 0.729733 584
1708 0.554391 0.522282 749
1709 0.539246 0.857026 482
1710 0.718203 0.696161 473
1711 0.410024 0.567539 127
1712 0.449683 0.689748 491
1713 0.345978 0.789406 392
1714 0.746493 0.624463 359
1715 0.388080 0.784405 288
1716 0.335187 0.506715 493
1717 0.369623 0.706800 200
1718 0.301966 0.930380 208
1719 0.487915 0.951958 502
1720 0.631553 0.937623 441
1721 0.724805 0.806685 577
1722 0.750864 0.703767 467
1723 0.547129 0.992942 433
1724 0.403557 0.686268 658
1725 0.333724 0.695591 618
1726 0.324608 0.941556 144
1727 0.446677 0.588711 179
1728 0.742171 0.959003 131
1729 0.375154 0.644003 340
1730 0.639347 0.992343 360
1731 0.528496 0.553274 498
1732 0.644773 0.650995 119
1733 0.508699 0.569860 701
1734 0.660774 0.907598 809
1735 0.362803 0.950468 133
1736 0.519465 0.898424 152
1737 0.369021 0.766305 796
1738 0.638866 0.817032 394
1739 0.447167 0.875681 225
1740 0.584136 0.654109 446
1741 0.497801 0.797308 109
1742 0.679599 0.748233 877
1743 0.661642 0.526798 272
1744 0.346664 0.757901 333
1745 0.521910 0.731968 508
1746 0.583852 0.829049 600
1747 0.321179 0.892399 363
1748 0.646448 0.942784 618
1749 0.544726 0.744962 781
1750 0.314801 0.692650 114
1751 0.562003 0.810119 644
1752 0.581605 0.666411 449
1753 0.631089 0.825356 676
1754 0.599353 0.684012 225
1755 0.412454 0.974568 359
1756 0.744185 0.982681 252
1757 0.576159 0.736819 871
1758 0.629593 0.614918 549
1759 0.447570 0.968184 308
1760 0.340875 0.512031 286
1761 0.592554 0.721827 242
1762 0.715742 0.722432 739
1763 0.440023 0.816859 453
1764 0.466341 0.749951 776
1765 0.373299 0.904871 823
1766 0.765557 0.570837 362
1767 0.746173 0.778690 323
1768 0.761296 0.779388 396
1769 0.448751 0.676687 716
1770 0.675648 0.678035 441
1771 0.747916 0.648812 764
1772 0.350853 0.615384 887
1773 0.670720 0.665639 652
1774 0.353561 0.724636 856
1775 0.560442 0.769208 564
1776 0.764424 0.907615 812
1777 0.724271 0.764850 659
1778 0.559259 0.944404 873
1779 0.767036 0.679731 685
1780 0.490886 0.961332 358
1781 0.555229 0.577004 798
1782 0.769717 0.697302 343
1783 0.419589 0.759591 348
1784 0.763750 0.552949 303
1785 0.716391 0.543835 274
1786 0.382926 0.581325 142
1787 0.797713 0.669368 568
1788 0.531264 0.623684 430
1789 0.775265 0.508730 508
1790 0.657104 0.792745 450
1791 0.770009 0.792215 121
1792 0.551793 0.731862 892
1793 0.671679 0.937763 294
1794 0.483847 0.612786 529
1795 0.445683 0.508675 224
1796 0.449018 0.713099 212
1797 0.397197 0.653938 670
1798 0.631767 0.960416 145
1799 0.731324 0.656961 157
1800 0.436653 0.652835 459
1801 0.758951 0.750010 407
1802 0.571666 0.783101 796
1803 0.510006 0.796647 161
1804 0.514252 0.832720 871
1805 0.431356 0.560646 209
1806 0.509609 0.659531 421
1807 0.387941 0.556583 216
1808 0.677108 0.658180 298
1809 0.372041 0.968486 130
1810 0.791144 0.790030 421
1811 0.303758 0.849838 169
1812 0.432533 0.540283 298
1813 0.574642 0.681620 621
1814 0.695107 0.648172 389
1815 0.423576 0.572179 290
1816 0.692211 0.921720 889
1817 0.335843 0.808659 510
1818 0.480078 0.776325 751
1819 0.674457 0.993477 447
1820 0.632227 0.540304 131
1821 0.503008 0.744039 487
1822 0.323484 0.798087 813
1823 0.692584 0.743426 423
1824 0.705323 0.553647 340
1825 0.512090 0.548943 374
1826 0.798343 0.857716 709
1827 0.475900 0.759541 594
1828 0.591027 0.800908 477
1829 0.601949 0.529006 556
1830 0.725599 0.734425 360
1831 0.313606 0.866785 559
1832 0.514316 0.884426 360
1833 0.512022 0.855782 690
1834 0.470651 0.538459 261
1835 0.538881 0.788902 759
1836 0.415034 0.833764 336
1837 0.410030 0.965057 634
1838 0.703725 0.833574 407
1839 0.626503 0.889295 689
1840 0.500545 0.736441 485
1841 0.501316 0.820960 331
1842 0.566106 0.630950 139
1843 0.707795 0.750325 537
1844 0.482902 0.506331 494
1845 0.768737 0.549425 687
1846 0.460964 0.540596 407
1847 0.343155 0.748807 292
1848 0.796154 0.936962 640
1849 0.461046 0.642126 845
1850 0.471196 0.582009 439
1851 0.507663 0.536074 253
1852 0.327245 0.560645 745
1853 0.755491 0.673479 295
1854 0.350642 0.944883 244
1855 0.754732 0.595170 820
1856 0.710645 0.522731 588
1857 0.683905 0.652245 219
1858 0.579526 0.949049 323
1859 0.470751 0.669845 296
1860 0.771265 0.624701 213
1861 0.317385 0.873206 345
1862 0.604866 0.942671 317
1863 0.377390 0.619403 727
1864 0.748156 0.954775 310
1865 0.552775 0.772095 176
1866 0.589095 0.643571 139
1867 0.674114 0.634043 160
1868 0.492563 0.982909 397
1869 0.457198 0.831766 312
1870 0.692664 0.702926 315
1871 0.747965 0.744713 650
1872 0.350243 0.932581 177
1873 0.719638 0.708165 720
1874 0.510930 0.924233 139
1875 0.362730 0.891723 104
1876 0.739213 0.517898 600
1877 0.378011 0.839469 127
1878 0.570543 0.692600 647
1879 0.491197 0.766166 888
1880 0.505227 0.998981 416
1881 0.552544 0.955589 253
1882 0.348385 0.622339 762
1883 0.404681 0.561083 655
1884 0.475019 0.878841 848
1885 0.412751 0.977116 330
1886 0.674766 0.561782 700
1887 0.469205 0.647191 504
1888 0.344812 0.567345 617
1889 0.310229 0.653534 803
1890 0.508584 0.992414 715
1891 0.726925 0.944704 500
1892 0.628815 0.560948 664
1893 0.373980 0.521827 398
1894 0.696206 0.758052 743
1895 0.346077 0.604326 812
1896 0.362886 0.682041 449
1897 0.325389 0.630956 667
1898 0.650696 0.727586 277
1899 0.787635 0.984798 644
1900 0.551598 0.994767 477
1901 0.797597 0.643646 858
1902 0.617920 0.772717 776
1903 0.710712 0.892165 691
1904 0.338476 0.740446 236
1905 0.367082 0.814796 560
1906 0.374356 0.741929 817
1907 0.588074 0.739319 183
1908 0.314914 0.662105 748
1909 0.562709 0.592918 631
1910 0.565128 0.643678 166
1911 0.470973 0.659015 707
1912 0.505406 0.517535 801
1913 0.657886 0.774958 548
1914 0.505349 0.589279 485
1915 0.318559 0.751140 303
1916 0.564754 0.545121 771
1917 0.624526 0.521215 607
1918 0.620601 0.668129 716
1919 0.557000 0.955663 689
1920 0.577908 0.517478 232
1921 0.751479 0.648824 782
1922 0.755157 0.695191 743
1923 0.680778 0.536145 360
1924 0.446493 0.523253 820
1925 0.376115 0.537617 263
1926 0.598547 0.846811 192
1927 0.379665 0.698444 210
1928 0.416996 0.877159 564
1929 0.621249 0.836054 226
1930 0.727832 0.976490 768
1931 0.720819 0.695740 161
1932 0.587482 0.718234 173
1933 0.506961 0.902043 669
1934 0.631501 0.782603 118
1935 0.579603 0.691289 279
1936 0.375938 0.564968 675
1937 0.454843 0.601667 636
1938 0.367761 0.840444 859
1939 0.417964 0.500510 787
1940 0.597293 0.962387 657
1941 0.786489 0.985202 495
1942 0.338552 0.504519 185
1943 0.698536 0.782852 122
1944 0.778899 0.972727 511
1945 0.582585 0.694328 182
1946 0.706485 0.725423 501
1947 0.625613 0.532751 208
1948 0.760790 0.974470 831
1949 0.645131 0.732026 237
1950 0.694534 0.507366 453
1951 0.737626 0.588009 578
1952 0.457105 0.674635 635
1953 0.690754 0.818846 427
1954 0.416290 0.762554 338
1955 0.512134 0.619904 558
1956 0.624898 0.724445 133
1957 0.400539 0.501757 510
1958 0.407368 0.507260 189
1959 0.690900 0.951722 349
1960 0.325832 0.678897 143
1961 0.309623 0.583489 647
1962 0.448113 0.634271 759
1963 0.585689 0.560780 827
1964 0.753262 0.612662 141
1965 0.743447 0.606173 322
1966 0.432909 0.955432 749
1967 0.416850 0.638193 874
1968 0.429288 0.959118 692
1969 0.728049 0.880370 127
1970 0.628656 0.981732 632
1971 0.621037 0.713972 282
1972 0.345984 0.818868 681
1973 0.359184 0.981356 181
1974 0.584060 0.548022 282
1975 0.751654 0.668899 697
1976 0.572682 0.708821 823
1977 0.581498 0.770700 204
1978 0.722659 0.512767 114
1979 0.578778 0.881719 214
1980 0.558511 0.836165 278
1981 0.699299 0.552768 870
1982 0.677716 0.518921 313
1983 0.453452 0.779825 384
1984 0.378523 0.709035 526
1985 0.383885 0.970911 532
1986 0.610489 0.688151 213
1987 0.664368 0.644197 393
1988 0.395324 0.544889 243
1989 0.371561 0.534628 676
1990 0.434508 0.589118 755
1991 0.489186 0.839191 817
1992 0.402540 0.880371 524
1993 0.373778 0.569929 266
1994 0.697921 0.981890 620
1995 0.554607 0.952900 248
1996 0.657362 0.736374 613
1997 0.747817 0.748995 599
1998 0.630158 0.507475 364
1999 0.568271 0.970597 867
2000 0.386585 0.909530 703
2001 0.638347 0.853380 613
2002 0.628182 0.537590 308
2003 0.764908 0.700685 814
2004 0.628093 0.536958 516
2005 0.418949 0.539229 590
2006 0.596930 0.537129 506
2007 0.670818 0.640932 867
2008 0.500035 0.890986 241
2009 0.796207 0.784967 418
2010 0.719591 0.625128 199
2011 0.304200 0.578038 125
2012 0.604267 0.704737 607
2013 0.502006 0.850890 553
2014 0.759163 0.539189 658
2015 0.435996 0.682307 618
2016 0.510151 0.655192 137
2017 0.694159 0.508364 589
2018 0.638500 0.733588 427
2019 0.625776 0.960896 137
2020 0.355319 0.688868 331
2021 0.506695 0.693390 819
2022 0.761559 0.598922 179
2023 0.618335 0.753765 649
2024 0.525508 0.915543 730
2025 0.456390 0.856883 306
2026 0.791917 0.841762 334
2027 0.698223 0.781367 415
2028 0.779463 0.759755 716
2029 0.487746 0.805319 571
2030 0.474064 0.878712 421
2031 0.454611 0.922693 455
2032 0.569511 0.787494 304
2033 0.771567 0.500058 287
2034 0.546347 0.921341 219
2035 0.337970 0.555363 699
2036 0.741881 0.673960 739
2037 0.325251 0.847827 297
2038 0.671076 0.621735 666
2039 0.389680 0.537500 566
2040 0.695400 0.927363 651
2041 0.505710 0.903353 842
2042 0.334132 0.740114 323
2043 0.507590 0.617294 534
2044 0.650110 0.647900 340
2045 0.501663 0.673404 154
2046 0.626145 0.750561 243
2047 0.466277 0.672203 409
2048 0.774448 0.879956 596
2049 0.592168 0.948147 163
2050 0.764957 0.858227 588
2051 0.600699 0.915045 769
2052 0.739189 0.810541 226
2053 0.427787 0.859707 666
2054 0.716529 0.542030 849
2055 0.471645 0.909795 190
2056 0.543944 0.574695 780
2057 0.323871 0.693359 137
2058 0.650412 0.976813 588
2059 0.510545 0.835564 244
2060 0.694790 0.751402 310
2061 0.511190 0.577005 161
2062 0.421193 0.960576 820
2063 0.771332 0.961251 515
2064 0.744240 0.800244 814
2065 0.524788 0.651272 829
2066 0.706914 0.542092 897
2067 0.370528 0.793082 297
2068 0.418148 0.828730 230
2069 0.377377 0.880507 616
2070 0.365666 0.919144 495
2071 0.492787 0.720976 263
2072 0.372057 0.774483 864
2073 0.629888 0.910035 794
2074 0.502411 0.619276 565
2075 0.482380 0.606176 839
2076 0.379010 0.812361 311
2077 0.377803 0.994427 834
2078 0.760143 0.796964 624
2079 0.651702 0.917004 752
2080 0.750912 0.684981 834
2081 0.411639 0.711113 840
2082 0.361457 0.628460 311
2083 0.666272 0.916292 779
2084 0.558347 0.865141 689
2085 0.350542 0.981825 301
2086 0.716135 0.874262 642
2087 0.325483 0.735772 280
2088 0.602897 0.507438 114
2089 0.442641 0.644070 463
2090 0.571539 0.680588 616
2091 0.722598 0.746345 898
2092 0.766542 0.850677 112
2093 0.325256 0.920065 311
2094 0.730541 0.815796 153
2095 0.571323 0.849203 593
2096 0.521413 0.734934 270
2097 0.540099 0.701748 700
2098 0.541390 0.879978 656
2099 0.788368 0.952994 674
2100 0.599265 0.824822 381
2101 0.655311 0.724495 793
2102 0.675790 0.786317 471
2103 0.549016 0.995659 320
2104 0.789807 0.925249 216
2105 0.642744 0.539761 761
2106 0.453095 0.766302 271
2107 0.359929 0.856143 289
2108 0.387644 0.995631 196
2109 0.351201 0.776544 350
2110 0.618805 0.853020 483
2111 0.768019 0.958163 601
2112 0.651053 0.559150 133
2113 0.710353 0.729181 403
2114 0.667419 0.717638 315
2115 0.669133 0.909490 194
2116 0.462451 0.865516 737
2117 0.346642 0.511752 843
2118 0.355927 0.948825 151
2119 0.349885 0.996458 142
2120 0.617481 0.769138 686
2121 0.480588 0.764626 275
2122 0.499008 0.748355 806
2123 0.381576 0.544039 272
2124 0.573185 0.968141 782
2125 0.429204 0.965813 626
2126 0.533658 0.673206 219
2127 0.601194 0.826472 222
2128 0.724883 0.512894 526
2129 0.413377 0.766747 840
2130 0.468954 0.928005 463
2131 0.500336 0.808572 319
2132 0.698226 0.864088 595
2133 0.436417 0.778091 492
2134 0.604713 0.857565 316
2135 0.428866 0.683494 871
2136 0.670536 0.534760 850
2137 0.577247 0.752632 705
2138 0.477907 0.860357 357
2139 0.337696 0.621621 635
2140 0.791096 0.737460 574
2141 0.375167 0.970193 242
2142 0.427243 0.927002 768
2143 0.549800 0.920237 254
2144 0.315682 0.608116 758
2145 0.597794 0.920596 564
2146 0.647964 0.686851 630
2147 0.749115 0.811666 489
2148 0.571046 0.767044 566
2149 0.465545 0.827557 216
2150 0.388080 0.823806 271
2151 0.775088 0.826947 139
2152 0.484719 0.594163 626
2153 0.657553 0.839704 843
2154 0.557244 0.945856 533
2155 0.537734 0.622739 843
2156 0.676146 0.930754 106
2157 0.684658 0.559067 285
2158 0.344126 0.561041 614
2159 0.762078 0.662149 287
2160 0.659302 0.823114 889
2161 0.577625 0.781720 892
2162 0.420988 0.692355 151
2163 0.774080 0.893943 624
2164 0.422248 0.848422 285
2165 0.416111 0.586628 269
2166 0.594363 0.603296 269
2167 0.693005 0.760702 115
2168 0.659200 0.951185 155
2169 0.753736 0.697180 260
2170 0.368978 0.952119 630
2171 0.701247 0.928167 157
2172 0.348739 0.803870 517
2173 0.506617 0.769323 391
2174 0.777103 0.800678 151
2175 0.730110 0.903828 318
2176 0.705361 0.694518 823
2177 0.595027 0.960704 338
2178 0.385587 0.630192 505
2179 0.512580 0.735309 249
2180 0.399617 0.599602 454
2181 0.403932 0.880416 197
2182 0.486555 0.864295 866
2183 0.739522 0.517258 666
2184 0.693648 0.824944 856
2185 0.410063 0.531724 704
2186 0.577373 0.948650 369
2187 0.738755 0.670967 806
2188 0.601302 0.568423 187
2189 0.443292 0.724934 670
2190 0.577307 0.546570 216
2191 0.529252 0.912616 152
2192 0.565283 0.949607 672
2193 0.316608 0.941953 382
2194 0.336248 0.500937 852
2195 0.719640 0.591218 402
2196 0.367591 0.569036 841
2197 0.442267 0.950499 792
2198 0.402810 0.756669 890
2199 0.378027 0.972814 532
2200 0.318331 0.993828 617
2201 0.517593 0.671228 100
2202 0.765160 0.551831 896
2203 0.760171 0.752823 723
2204 0.756739 0.741817 243
2205 0.461320 0.931784 517
2206 0.345420 0.936266 514
2207 0.583287 0.821958 878
2208 0.442094 0.959429 186
2209 0.486135 0.667231 521
2210 0.675734 0.818035 447
2211 0.433681 0.528774 122
2212 0.615294 0.638644 520
2213 0.331689 0.958196 825
2214 0.334022 0.577984 535
2215 0.470507 0.665636 561
2216 0.605371 0.941557 753
2217 0.488496 0.951779 261
2218 0.307398 0.901955 817
2219 0.713576 0.868615 699
2220 0.511832 0.727542 554
2221 0.670865 0.932199 461
2222 0.721985 0.731439 820
2223 0.635246 0.774513 850
2224 0.321194 0.548173 686
2225 0.445551 0.932134 112
2226 0.347308 0.765642 761
2227 0.662236 0.870911 282
2228 0.590920 0.998772 737
2229 0.307095 0.831136 120
2230 0.499553 0.898542 179
2231 0.425046 0.622464 268
2232 0.534038 0.677651 375
2233 0.601844 0.776037 794
2234 0.661796 0.731853 523
2235 0.427209 0.532307 466
2236 0.334587 0.556137 782
2237 0.564502 0.801818 440
2238 0.625190 0.538888 857
2239 0.452234 0.767050 695
2240 0.785207 0.620316 557
2241 0.637287 0.775951 364
2242 0.617909 0.932555 212
2243 0.619277 0.885955 737
2244 0.786921 0.726145 450
2245 0.451773 0.575570 159
2246 0.509849 0.789362 647
2247 0.465891 0.928179 720
2248 0.765226 0.868786 496
2249 0.561620 0.648294 748
2250 0.666005 0.603487 858
2251 0.740964 0.882109 325
2252 0.410484 0.641131 890
2253 0.714954 0.589723 179
2254 0.356426 0.563911 116
2255 0.313351 0.653336 158
2256 0.574190 0.870111 322
2257 0.519869 0.759498 562
2258 0.433179 0.838728 142
2259 0.675733 0.801099 543
2260 0.780856 0.784117 762
2261 0.627361 0.865596 840
2262 0.658752 0.695146 895
2263 0.469922 0.618225 593
2264 0.361907 0.744030 143
2265 0.404834 0.526464 478
2266 0.376864 0.855827 137
2267 0.338460 0.608792 406
2268 0.615410 0.797017 333
2269 0.635875 0.573770 652
2270 0.316389 0.554013 797
2271 0.322757 0.999714 880
2272 0.781911 0.941072 533
2273 0.523095 0.611492 708
2274 0.725206 0.967953 315
2275 0.362576 0.889691 122
2276 0.656775 0.971978 616
2277 0.689653 0.620468 542
2278 0.556320 0.709200 111
2279 0.329586 0.824634 166
2280 0.719363 0.897732 541
2281 0.695887 0.641187 524
2282 0.453379 0.912424 149
2283 0.578009 0.854294 436
2284 0.680985 0.831860 746
2285 0.324506 0.941608 287
2286 0.611394 0.558632 106
2287 0.310291 0.963426 547
2288 0.771283 0.739416 575
2289 0.705284 0.588791 360
2290 0.631909 0.662311 524
2291 0.407055 0.905099 795
2292 0.415208 0.738647 302
2293 0.454305 0.607088 764
2294 0.349640 0.847675 169
2295 0.407539 0.540366 593
2296 0.475561 0.884145 420
2297 0.474405 0.693222 150
2298 0.423551 0.975685 105
2299 0.604588 0.976639 475
2300 0.581424 0.958053 674
2301 0.363421 0.986528 242
2302 0.329167 0.895408 280
2303 0.715835 0.596706 884
2304 0.419756 0.685687 276
2305 0.465093 0.556659 615
2306 0.434809 0.669203 383
2307 0.797204 0.534542 656
2308 0.485084 0.559674 732
2309 0.650335 0.780919 849
2310 0.345816 0.718879 465
2311 0.711800 0.595267 605
2312 0.636013 0.939146 893
2313 0.454435 0.720175 217
2314 0.455648 0.851213 465
2315 0.634851 0.745790 306
2316 0.742888 0.863297 591
2317 0.712969 0.856343 617
2318 0.552694 0.954695 894
2319 0.361779 0.602803 615
2320 0.755858 0.983818 669
2321 0.548168 0.812195 328
2322 0.422947 0.731048 277
2323 0.557673 0.664979 663
2324 0.437595 0.844549 129
2325 0.402296 0.750439 113
2326 0.371751 0.652282 546
2327 0.398367 0.532828 444
2328 0.492860 0.828414 668
2329 0.478009 0.922202 419
2330 0.504912 0.812558 834
2331 0.786936 0.986068 382
2332 0.582178 0.530177 668
2333 0.307271 0.675358 739
2334 0.306210 0.893459 383
2335 0.597831 0.576498 648
2336 0.469979 0.928174 815
2337 0.441318 0.515257 380
2338 0.374818 0.811015 279
2339 0.354501 0.931000 123
2340 0.716020 0.671400 297
2341 0.558087 0.817995 713
2342 0.717882 0.560108 593
2343 0.534432 0.863712 525
2344 0.449061 0.535191 184
2345 0.314926 0.590443 799
2346 0.615476 0.824501 641
2347 0.403728 0.563385 597
2348 0.640972 0.746009 273
2349 0.335941 0.634573 283
2350 0.468347 0.543678 500
2351 0.398548 0.804205 736
2352 0.516409 0.854525 848
2353 0.625395 0.753515 104
2354 0.507796 0.832414 282
2355 0.692262 0.872153 361
2356 0.529993 0.522463 556
2357 0.391420 0.905542 754
2358 0.692988 0.919615 102
2359 0.591596 0.889545 651
2360 0.358968 0.842874 312
2361 0.390742 0.709913 881
2362 0.554342 0.646923 873
2363 0.513300 0.693411 538
2364 0.616609 0.861677 431
2365 0.426264 0.543257 609
2366 0.725829 0.896770 679
2367 0.671513 0.859851 655
2368 0.328492 0.603109 547
2369 0.459747 0.843718 778
2370 0.440077 0.639413 378
2371 0.382219 0.672244 741
2372 0.342167 0.727118 785
2373 0.428939 0.942218 712
2374 0.433731 0.756218 235
2375 0.465001 0.781188 400
2376 0.322545 0.683725 270
2377 0.641497 0.574264 749
2378 0.564749 0.967077 138
2379 0.416516 0.724217 703
2380 0.324011 0.917321 112
2381 0.360751 0.569812 853
2382 0.474451 0.932718 391
2383 0.509819 0.516358 506
2384 0.717380 0.790434 198
2385 0.389710 0.525382 813
2386 0.789431 0.848120 292
2387 0.550949 0.719648 453
2388 0.498009 0.850529 274
2389 0.636255 0.743796 473
2390 0.411762 0.667325 213
2391 0.455046 0.806594 261
2392 0.432655 0.593150 871
2393 0.727784 0.900322 813
2394 0.432798 0.740007 354
2395 0.456984 0.593946 429
2396 0.667224 0.946226 794
2397 0.442187 0.700720 780
2398 0.544613 0.782508 699
2399 0.413582 0.672986 229
2400 0.605020 0.609697 373
2401 0.495653 0.975532 126
2402 0.619022 0.778643 581
2403 0.633920 0.871505 318
2404 0.590556 0.573316 104
2405 0.702377 0.827604 549
2406 0.555763 0.616826 108
2407 0.447570 0.634659 595
2408 0.332877 0.768490 330
2409 0.745593 0.835395 657
2410 0.423790 0.872472 722
2411 0.539723 0.693643 691
2412 0.432258 0.921935 892
2413 0.489544 0.730424 240
2414 0.619255 0.778456 285
2415 0.327909 0.882526 559
2416 0.346383 0.952836 391
2417 0.340640 0.630629 881
2418 0.400146 0.667296 633
2419 0.782888 0.756691 380
2420 0.622074 0.709169 376
2421 0.791702 0.948993 313
2422 0.380326 0.560744 866
2423 0.686152 0.785155 764
2424 0.380419 0.844321 108
2425 0.632743 0.689739 438
2426 0.423927 0.825410 384
2427 0.543113 0.609278 420
2428 0.560395 0.840227 787
2429 0.577318 0.755342 654
2430 0.738423 0.722168 347
2431 0.686026 0.637695 878
2432 0.391039 0.811282 510
2433 0.728313 0.854513 630
2434 0.349711 0.833401 672
2435 0.616381 0.999398 114
2436 0.751145 0.610890 196
2437 0.467283 0.783128 231
2438 0.748314 0.582772 843
2439 0.458056 0.598310 153
2440 0.478568 0.977052 579
2441 0.684622 0.725682 517
2442 0.681533 0.895607 487
2443 0.428790 0.626375 874
2444 0.782421 0.613075 640
2445 0.794770 0.776166 740
2446 0.688014 0.878871 580
2447 0.446631 0.942907 208
2448 0.687260 0.884469 662
2449 0.729612 0.921729 189
2450 0.364183 0.907153 853
2451 0.770464 0.746441 522
2452 0.496944 0.634004 825
2453 0.773910 0.928211 184
2454 0.644108 0.701749 172
2455 0.465848 0.978358 146
2456 0.665032 0.822834 539
2457 0.480080 0.541478 511
2458 0.496947 0.792743 220
2459 0.606303 0.831390 459
2460 0.398158 0.633950 794
2461 0.559797 0.813784 594
2462 0.649756 0.824464 141
2463 0.505067 0.886423 802
2464 0.675127 0.775519 770
2465 0.344387 0.608751 542
2466 0.572893 0.887542 644
2467 0.359087 0.755386 429
2468 0.502127 0.604657 671
2469 0.641935 0.800181 527
2470 0.682250 0.642320 566
2471 0.301774 0.612300 475
2472 0.674407 0.626647 266
2473 0.790716 0.651694 291
2474 0.497672 0.965031 611
2475 0.415868 0.562453 288
2476 0.653593 0.812632 248
2477 0.599870 0.582741 758
2478 0.404871 0.613361 463
2479 0.478688 0.534630 325
2480 0.683694 0.856475 697
2481 0.796678 0.624703 856
2482 0.741564 0.595111 588
2483 0.317973 0.514354 569
2484 0.738201 0.540153 551
2485 0.531686 0.968765 821
2486 0.323718 0.930364 815
2487 0.718750 0.618789 626
2488 0.756829 0.937346 765
2489 0.757960 0.604754 710
2490 0.740915 0.955357 412
2491 0.744481 0.730441 531
2492 0.478924 0.719789 796
2493 0.490148 0.758971 476
2494 0.599439 0.979361 143
2495 0.485582 0.764991 778
2496 0.561488 0.545599 448
2497 0.469050 0.614079 336
2498 0.447608 0.582440 442
2499 0.586908 0.987869 669
2500 0.481867 0.666668 323
